16367
16367
16367
17639026291
394
9582949747
394
640747449
13214635750
394
9582962450
5475486405
394
4250080060
394
239124988
10982368826
4249975505
773952660
2034907605
112013171
6836241659
1042307808
379207250
908788765
394
394
9582970859
6495668331
16367
123624
16367
394
6495509568
4250080892
10978894660
6836227107
3414
111957944
239150185
16367
1042277128
16362
908744271
394
17640110071
1005
16367
394
15285036366
6836221352
513885458
16367
774093474
379131121
2640520113
16367
394
15285028101
123792
16367
8738750772
10982346673
16367
17640940667
16367
9582994623
123666
4038142201
6449237399
239169037
5475485551
394
16367
513937390
394
394
394
239093233
4038160719
394
394
10982386364
6495206103
112046355
5475450953
6449420278
5475489542
6495325800
2640517384
8225615093
4038153728
394
379271402
16367
640884256
394
16367
394
394
394
239042522
1265106014
379151944
640838934
16367
10979564396
908560048
1025
10902020364
16367
908620318
1265111833
13120799783
394
112030104
394
16367
16367
6836238395
394
16367
123644
6836230133
9582983869
379108173
16367
4038152984
16367
16367
394
641059941
1024
1265114623
394
16367
9583004247
394
239215181
640784095
10982386564
5368661643
394
10982357365
16367
908757345
16367
1265121348
514013590
394
9582975200
8801709573
17640163504
6836255618
908746837
773752866
16367
908622671
394
394
1042301393
1025
394
2020463576
15393978918
1265099743
10982356764
5475477786
6836242951
16367
394
16367
239075384
16367
10901367654
8225602792
16367
123887
111995969
16367
16367
2640506890
908660393
379062912
16367
1024
15393960254
16367
9582977581
10982365613
16367
2640522975
394
16367
16367
10979729045
4250095432
640957233
6836224286
2034952988
15394024883
16493061700
640851539
2020289266
6836220666
16367
16367
1265103201
4249982263
16367
12056559616
394
394
17517184575
15285669238
1042229473
4249667128
16367
16367
123868
16367
502
123530
394
394
16367
16367
15285616417
6449328789
10664484736
17516458819
9582983098
394
394
16367
379334240
111961410
394
10902319701
379140525
1042073545
394
513782421
513744776
8225615964
6449385887
16367
16367
4249747607
239206709
112037175
9582990476
908728023
394
394
2034899731
394
8225596088
16367
641009311
239113598
394
13214575148
17517024881
394
1265099048
112019184
774180264
394
394
16367
394
394
13120801463
16367
4250010434
4250058674
16367
16367
9582983261
379142815
16367
4249946635
16367
394
4038151636
16367
394
16367
640904038
1265117072
4250069959
394
773932873
16367
2640514079
6495209941
394
394
15392157924
2034946230
16367
2020168438
394
1012131825
394
5475489860
513983929
16367
394
4249866558
2020384893
14307931682
1025
640845095
16367
10979903804
4250067374
2640517079
8967720470
394
3795813124
6836241117
16367
1265103120
1486
513860050
16367
123758
16367
394
16367
123624
16367
513869814
16367
773934339
2020614650
2640503950
16367
394
394
16367
16367
394
2640524102
5475500123
112010040
394
394
640955188
16367
16367
8739501256
2640505931
1461
394
514008934
16367
394
6836228956
16367
10982385723
773977472
908776056
394
16367
16367
394
4249802768
908582673
379169894
2640521923
239129576
15284985605
13121204393
2640517553
10979723932
4038139417
394
513693097
4038150628
394
6050502636
1042246107
15394027184
394
16367
640838031
6495449725
10979802745
16336
16367
16367
112096331
1042248322
16367
6836232296
640949257
5475463963
1042184530
394
6836212160
9582988171
394
394
379261379
394
4250051427
2034942907
16367
908617558
112013045
394
6449301083
10982362066
16367
4249922213
640930881
16367
10901895891
513865072
394
16367
394
513898900
10979216910
16367
394
5475486961
2034988112
9582973879
908823252
13121166029
774092879
773895188
640928893
379139368
13121131102
394
2034912995
394
16367
123476
4250144368
641001471
6836235348
10982362305
394
16367
379067419
908811946
394
5475491742
394
16367
16367
16367
394
6449524436
5475478128
394
16367
2048589824
908659496
1025
16367
16367
16367
8801479809
16367
10982390028
16367
112081745
394
394
123808
394
8801783184
9582945515
8801603305
6495395662
16367
17516770894
17641109822
17516719256
394
513840116
8225635336
16367
1265107332
394
394
2640503240
3414
4038157841
513916363
5475453873
6495211642
8225601661
13214070709
16367
394
394
16367
16367
361343180
394
1042221994
112055585
123928
13214113844
5475491870
513852922
1265122201
6836250541
16367
394
394
2020380177
5475463160
16367
8739182232
10982360020
4362650721
379046052
8225621597
17639239753
2640538556
10982369021
10982373328
2640511336
10979919692
394
6449483466
8225569956
908649542
394
8801456157
8225600247
394
123565
9582971833
394
640725524
15393952833
908544136
379198645
15285362898
16367
16367
6449664506
16367
773988497
16367
1206
394
17639370819
394
4998889472
773978483
394
16367
394
123596
394
379063845
4038139037
514014912
4250091946
17641512246
239134512
394
394
1265113033
2640519101
394
16367
2640515035
10979523607
16367
394
9582950568
908619129
5475460918
2034926120
8225629607
16367
640958809
394
394
394
394
2020504258
639099210
394
16367
1042012119
640982587
16367
16367
8225610261
4038140958
1265116192
513772549
379247362
16367
15393760444
8530015190
514016219
15392558639
15285701094
379134236
774169607
394
4038168423
6682102362
16367
394
2640527766
641057155
16367
16367
379080879
10982361186
5475468054
394
394
6836259365
908760009
16367
9582952002
394
16367
10901689208
15392066551
123879
6495419990
15285474446
1430
4250092166
394
774068828
513861412
394
13120777141
1042103744
1265109519
111994680
123382
1392182131
773976241
4249572982
239124072
8801637755
8801720041
16367
16367
10982392227
8739313042
908550665
394
394
6495264092
16367
4038177598
10902180007
1265114901
394
513925863
773871606
394
239096695
379126948
394
394
394
112067660
4219848112
394
239195935
7211
16367
13212670243
394
4250076909
394
394
112043517
8801948630
7341
773869844
10982395086
394
13120609206
10982382150
908527966
379212412
8225601670
4038155769
10902097056
2034919590
13214585332
16367
8801804875
640901283
513877839
394
394
773887081
513845045
10902056685
6449232073
16367
5475463257
8225612321
773909153
16367
394
16367
6836215746
16367
1024
16367
394
394
112022766
379135190
15393995048
5475486919
394
112554794
394
6836197156
10979789796
394
123741
394
16367
2640514989
13213980387
394
16367
2227855141
640973450
1042032061
773889773
16367
1518
111964502
16367
10979466639
394
1042108951
1042128704
379085660
123323
239180607
394
16367
4250071980
15285400839
513946839
111957639
112060032
394
394
394
1265107927
513830415
6495270173
394
16367
8801854770
1428
16367
394
9507505526
16367
773957467
10901587830
8225597262
394
10979569217
394
16367
773944094
123112
6836262089
394
13121173388
394
8801401716
8739347810
123834
641058288
2020599903
16367
22
16367
2020296953
394
394
394
15392178005
1042103287
16367
16367
1265113126
6836238928
394
6836240937
1025
394
9583000763
17640905796
394
394
17516749184
1042143906
5475473952
13120992296
8225585694
6449503090
16367
123581
394
394
16367
1007
513984320
394
394
16367
1025
10978925506
123552
16367
379153272
16367
39680
394
16367
16367
394
770947855
111990960
123526
17517607758
16367
16367
8225589633
16367
16322
5475458175
394
17640976502
13121120504
1518
15285681484
1265114412
394
7101644800
2640522809
239233016
8739323919
16367
10982390516
16367
8225617783
16367
1025
394
123470
239097478
2020584217
16367
112004152
16367
16367
13214521734
16367
239113821
773817816
16367
1042070740
394
379244707
123690
4362666801
426
641022999
16367
6836239951
4038149587
16367
5475491232
16367
13213181237
394
16367
16367
1024
10901737154
16367
1042031735
394
2640523763
394
4038143391
15393688021
4249653014
16367
4250050461
16367
2640529768
10982364860
394
394
239073011
773943163
1041915452
16367
908658331
1041967500
9582972171
508010117
908715270
394
16367
640919955
379077309
513905378
16367
16367
2034820432
16367
17641600307
1265118424
17516758558
10982382331
394
2034794481
13214090687
6449430886
16367
112009090
6495181363
4038165677
16367
16354
1489
16367
4038145119
7407927296
5661278208
9582992166
112064713
8739232361
6836236372
773990442
16367
394
8739342485
16367
1041950304
1265114738
394
16367
16367
16367
1042098362
2020271106
13213474433
16367
16367
394
6495268894
16821
16367
16367
16367
9582932504
394
1265116115
239075520
2034943554
8801713220
394
239154075
394
4038172043
394
8739595953
908538981
16367
16367
17641791496
112036052
16367
908730160
10982367101
8225587775
394
394
112044290
8225631317
9582974004
379127419
513887664
239239780
1042050979
4038150356
16367
15284908684
1042046784
112087862
394
5475480731
8225593722
394
13214033151
394
9582996444
2640511966
16367
394
2034930062
1042131794
123457
16367
1265121582
16367
16367
13213646931
8225623429
394
892757779
394
16367
16367
16367
239171278
5475465515
773812771
16367
9582996249
16367
640869272
2640503271
2020397846
394
10982376169
394
13120480706
10982389755
394
2640528112
15285421354
16367
394
6836230621
239165130
5475492808
16367
4038154391
4038156591
394
1265115778
16367
239169659
17516996933
394
16367
394
16367
5475485428
1265103409
6836229301
4038142643
8225602466
4038139979
16367
6449404277
9582960064
15393926494
1207
394
16367
16329
4038147460
16367
8225602681
513909021
123810
15285439170
394
6449235155
10352642265
17640558930
4250099141
773914008
773755478
1265112665
16367
394
394
16367
16367
8739180346
640795993
5475475439
4038125033
239150006
2640522097
16367
13213376207
10982417746
5475479185
9582965576
1042179408
17516996725
1042151301
394
394
1025
6836245365
6836221080
16367
16367
1023
394
10982362035
4250158766
112052424
8801525209
239198149
10982356214
1265108831
394
9582976676
8739671790
16367
6836243533
1042016903
394
16367
10982408406
394
8225629667
1265111170
394
4125
2020647418
10902370064
394
16367
6836219958
16367
394
908632356
13121200248
394
8225632609
10902027646
5475482730
394
394
394
10979602764
17517022436
123676
10901977345
640718183
8801536420
394
2640522324
16367
2034988294
908571071
1265111445
8225627054
2640518987
4038148148
4038163822
394
8801642575
379192737
394
15394028965
17641008735
16367
640915910
394
16362
394
16367
15148778196
394
908705703
4038176978
5475484226
239073284
8225605913
394
394
379131995
394
8225616078
1265113405
773938727
394
2035001837
6449439313
13214269601
394
394
4038161806
1042234560
8739655862
394
6495356228
15393528644
2640536549
239109272
239148319
394
2640509701
16367
123740
10979662005
4249980943
17517276896
6495805884
16367
2640503417
394
10902060984
16367
394
513957612
2020272151
10982409463
394
16367
16367
16367
908815415
773857706
16367
17640513935
16348
1025
16367
394
9582994035
16367
8225616837
16367
394
9582963213
15285680750
16367
111956303
1488
8518898555
9588414803
1727072053
16367
236
236
16367
11921460005
16367
1532650638
236
236
1726969537
11726157223
8518866193
6386918720
16367
1147620315
4464655040
3188784963
16404943884
16367
236
189026124
8936949126
16367
1532599112
3188778391
1147719766
6386920768
16367
571720382
236
16367
1147849852
16367
11921343554
16367
16367
4464546715
8518889498
2113614020
2113529107
8936722510
192
571757751
16367
16367
13417753602
236
6386942949
236
8518890101
236
16367
236
236
1487228220
16367
1147753746
11726138993
8518895107
9588399425
224
236
3188784126
13417412961
16404314049
1062223776
236
1147815596
1532475282
11921060787
16367
16367
16404396457
16367
240
16367
16367
1727064986
236
1487217818
11921541090
285
13417605780
6386932645
1726837308
236
1062216869
189062718
2113490637
16367
571732435
11726189601
236
3188781670
16404791634
8937072607
571711874
6386945134
13417070426
11921234695
16367
236
236
1532416325
9588385698
16367
16367
235
3188792149
240
13417210406
16367
240
236
8937289383
9588375493
11726107170
236
9588396841
236
1487165973
235
236
236
4464565365
16367
16367
1062227359
236
571825982
4464440295
16367
1727114775
16367
189000012
236
189018952
2113603664
8937228012
1487205720
16367
16404569766
236
236
188992547
1062227683
1062225129
2113753328
1532468386
11726099142
236
1487242343
236
236
4464518331
2491471031
982164756
5227375618
883720358
15018310567
2181799570
16367
236
1480870151
338926586
7220075327
11751144412
10654120922
7652978789
559364083
4038577321
1635443757
236
236
181867574
532098951
236
236
6367995751
236
11751489386
982159929
6543389275
559368900
16367
2491456109
16367
236
16367
236
236
1899056612
236
2491451858
1578859029
2105108258
236
7220025520
6368757489
2105061960
236
16367
16367
13325068141
16367
890159594
1481130403
6369141933
13325622116
181865818
16367
298648511
16367
982175478
11751436378
236
236
5227353457
13325492337
7220063959
236
16367
16367
890172532
16367
181872705
236
1337558386
16367
16367
236
16367
338932115
1337580081
7220057725
13325867684
236
1867198474
236
10653981427
805070005
298566934
16367
236
1955808854
236
5227334726
1867382266
532089783
7220051222
1337571243
236
338929858
16367
9282513743
16367
16367
13325740046
16367
890156716
5227366506
16367
338926369
16367
298544489
711187048
472
16367
532087030
236
8462219608
236
883827889
8461895939
1635224391
15018831434
711168893
10653932645
338927995
2181890225
13115272867
236
1480821987
1635394964
16367
16367
236
16367
236
236
16367
7220062892
10653745418
236
236
1335753875
1337575135
16367
9282547839
711165774
16367
338938322
1480903045
883860114
4038364738
1180663554
8743864556
8461765752
11751085813
1337572426
8461640691
1867101686
1180655059
1635458951
16367
181868530
16367
4038449151
236
6369135719
8699554670
16367
711183238
236
13325031226
236
883908034
532092326
982161815
8461157775
16367
236
6543402787
181858135
12282894984
236
16367
8238720651
1635287827
1337563053
7220086133
236
2104997782
16367
711172652
338949116
8238732689
6543389547
236
236
236
3911419590
3911405181
236
236
338939590
1561507637
298551778
1337592407
16367
1635414024
1180818899
181864513
13967159976
532099810
236
13325317521
16367
883884762
13955158271
532086061
236
559393813
14055210364
236
8238716458
11750862761
1480740866
1635453524
9282514685
236
338937165
2181860848
236
16367
236
532100293
236
338934336
16367
883893583
532106281
1635443672
236
8639998000
13324515334
16367
714380417
8461719661
2491466980
236
3911411700
16367
2181845295
8744139847
711165665
16367
16367
236
16367
16367
2231049415
16367
236
1396226766
298525566
711196470
883925997
16367
6543413604
15018334972
16367
16367
9993224141
8462142047
16367
532094469
6543412672
16367
16367
236
1180827655
559321929
5227353120
2491481398
2105007417
236
5901566690
6368951071
9282477907
1480946859
1867188342
532093181
7220051480
1180705741
6369300431
1480937002
982179239
236
236
982165605
14069278305
16367
16367
2491456740
1764406730
1337582342
16367
16367
181860342
15018258399
1866977325
8462205145
236
6367921448
1867356460
1480804104
236
16367
298527223
4038470503
16367
3930557189
4038426462
11750901672
883812662
8461322470
2181858692
11751413017
883871583
6543392867
236
1635448408
1958693076
890153418
16367
10653731676
3911427246
236
13325527308
6368752927
10653971013
982166434
4038507491
1480744973
6543410701
4038796056
1180798612
16367
1867192702
1970912788
2181711090
1867193906
236
236
3911402025
6543384489
236
4038373609
890153497
16367
1857282501
544571228
16367
1955157019
15018608251
8238728523
4038420680
181862877
4038454424
2491454320
13923238982
236
236
982153289
2491473510
236
8462000535
181859126
236
3911412905
16367
16367
236
16367
2105158978
181863414
8461299573
8238737118
883885467
10653891649
1480975697
181859928
10894521576
1337571916
236
8238760443
298616893
2181884125
236
16367
6368820692
2230899491
12462491767
16367
16367
1480851670
8461507280
6543383640
711170180
3911437545
2873
890139707
236
236
236
8238746298
298547531
236
5227358857
6513219568
236
16367
1719445405
1971900987
338932889
4038441324
236
16367
236
3911414667
982173201
5227349605
2181890311
16367
386918183
1481021554
16367
8461452301
16367
6368947889
236
711178479
6543380568
11751107325
532103221
532096737
16367
1635393340
1480831147
9282507696
16367
14006309621
6369030956
883773350
16367
2491473372
6543370321
236
2491461348
711168142
982198988
5227358773
7555535616
8106434804
6543412423
4038372495
16367
1867308590
16367
181862143
8238769294
711181393
16367
236
7220046843
6368683735
1337580785
16367
982163711
16367
8238720395
8687849103
2181866654
181866675
16367
181865420
338945661
236
181872527
4038553694
1635314115
8238712026
338931623
711164347
236
1957774390
236
16367
1867167672
3911419911
1635466439
236
532092287
4038587730
6367708392
16367
3911419425
298537508
548535073
16367
10653950478
338935972
982166786
982157704
1635266536
1180780017
2230913316
236
1337579832
16367
532091042
532089638
5227336380
236
6543406360
16367
1180791384
236
236
711182826
2019656138
8461208159
2491465082
1635483694
16367
16367
11751146976
3911432452
16367
15018517746
2313719463
236
236
2491470419
1635486765
2105124160
802796212
7220051843
16367
45
16367
338927648
890160819
45
3911416726
4730217093
16367
236
13324995655
236
1635298729
1635312391
16367
1635340152
236
9282498077
329800509
338929494
883847394
16367
883953775
236
7220056896
10654035812
1982272812
12204860021
6368682630
2181784086
13325293565
7220058130
12015537792
16367
3911408018
6509287226
8648789327
10653825040
12015590061
8461994602
14079559319
236
236
236
16367
6368981335
298517868
16338
559408764
890162523
8657043799
3911404524
236
11751155679
1635363643
236
559270094
236
16367
3911405625
236
236
6369319765
5227366060
883838738
7220092702
236
2491479674
236
10653595253
236
16367
8238780045
4038435432
1635399318
5227349251
3942418237
181859516
2491463786
1480946161
883798668
236
16367
982184754
13979565801
643402765
532099614
7220069690
181859669
16367
298557634
6368815328
883765411
883806304
890154365
16367
15018743942
10653892615
16367
532097197
236
8511794122
236
890159808
16367
1180675104
12276059391
16367
236
236
181866082
16367
11751107250
16367
15018493652
8462159986
236
236
236
16349
236
16367
1337566166
890162529
883963855
7220097345
8238714089
16367
236
711153034
8238756298
6543395171
559414063
5227329392
236
236
890168236
181868498
236
559387878
2181831294
2181826521
13325684683
16367
236
532097532
890145524
16367
236
236
236
1867189883
236
16367
883863330
1337571689
8461906489
338930350
6876211298
236
2491463669
236
236
7220053022
16367
16367
338949984
16367
1337567877
45
890176123
236
6369051078
236
982175867
16367
2005723781
16367
1763295115
16367
890131996
16367
236
1337585521
236
8846526326
1469315546
711166410
15018692166
1182866665
1180814886
559356940
16367
16367
4038470306
6899011336
6543404517
1481085187
711161825
10590230191
236
236
16367
711198362
11681746496
298631574
2230991704
236
8238748390
16367
8238752568
16367
6174323598
938484441
16367
883940693
16367
8602812517
10590174253
8461249607
298547753
2434076846
1968980709
16367
3911418113
7220081156
1635180963
236
236
298503529
4038425516
6369092651
236
890174341
7785562141
45
982179906
16367
16367
16343
16367
16367
236
532106540
12016144179
4038506161
2491467369
236
236
16367
13325068710
9549745501
559433490
1337584413
1337565357
236
883928763
2491487860
4038313788
559247183
6543412573
298497879
7220045344
7220091785
711171253
16367
16367
236
11163076054
16367
298620081
16367
1867236181
236
16367
16367
2181864049
532056108
6368810252
16367
16367
10653843918
8461468718
16367
16367
711177960
1337579231
16367
2491473884
1180802642
2105289896
3911431222
16367
10894461011
16319
935428306
1867224529
8461321496
13324046269
15018047987
1337567877
236
3911436888
14169186764
6512688928
2181835717
236
8461996168
236
13324956905
236
982168830
16367
13324627532
181875047
1180642290
236
559336788
6543413342
532086229
16367
4038288313
1635378921
236
16367
3911428864
236
8238726505
3911395807
16367
236
16367
890160330
2181838534
13324502686
3911434138
16367
982179271
16367
12016198541
2441993437
236
13324983610
890163691
13324888965
236
890150317
236
16367
1337571589
2491485800
890165456
1481043699
338940032
1867276512
8238732555
982170474
16367
236
13325655846
532097377
338944531
16367
1180830996
1867354440
13324273041
6330409317
2491463786
559385946
1480834909
16367
236
16367
16367
16367
1867243420
236
3911403391
7220061200
8624011274
3911413075
16367
45
16367
5227361148
1337584122
839933835
559285063
16367
1480757024
890159346
559340195
12593901081
11751249315
16367
847280596
16367
1337579779
181864255
16367
5227369047
16367
2105126114
10653471541
472
16367
1635309858
532097052
16367
236
236
13324319458
236
16367
3911409989
6543400003
10653647556
2105095618
2491478731
8238718009
6330684883
2105004045
11682136911
338947631
16367
236
236
15018558588
8461705177
1180880308
2491469336
16367
4038579643
982173324
16367
236
16367
16367
2947414369
236
883883182
2181854392
6512701613
982133623
1480846299
236
1961613438
338929846
10082558156
181865031
2168689627
16367
16367
236
16367
1180851947
298558443
181875261
236
236
236
8238711015
8238718828
236
236
11750914256
236
5227358061
6543398886
11750937447
1867168199
10894209830
236
236
532081414
6543385020
6543408846
559421865
8461575333
236
298591279
236
6543394942
16367
7220064388
16367
532112825
236
236
8238749565
11751110065
9282513096
1635264020
1337578793
2181866051
16367
181865825
236
883852319
338933491
13325690998
10653987747
236
16367
298600301
236
1983458282
1180686190
1180766114
2168835301
559352172
5250988460
4038418771
236
16367
16367
559310002
236
6368106493
16367
2491482028
16367
16367
1480752098
16367
181869450
16367
5227350360
1407267568
1867087590
236
982175480
11751140431
13325382668
559375909
12016098954
9282522015
236
8630356004
8632185046
1337594367
16367
2491460269
6369010846
2181833851
16367
559331468
1867111402
16367
3911413563
13968426761
236
16367
16367
5227335310
298569905
890166889
236
1984459707
298628939
9282495311
1867327853
890143018
8462172548
236
7220062540
236
236
883848935
16367
14417293637
236
10894397059
6543392459
236
532087273
236
9282528349
236
9578046738
883878526
9282509896
4038315379
16367
2491456345
236
711177348
181869881
8756853964
1480766398
8685406350
7220059351
2231036149
236
5227331655
1635258269
11751346456
331201756
298614219
8238709576
1968609211
236
1867254259
236
1180756422
16367
15018693620
16367
532103118
532082402
16367
16367
16367
4038455788
7588042058
890189482
7220048591
236
10653699158
3911428118
1480650048
8694269031
298589811
2181912096
298606001
11126694641
14056048441
1337569703
2181831616
11751312509
181859224
236
236
16367
2104991920
13324596353
298551380
711158573
1480792605
10893983002
883806739
298573339
16367
236
6543406378
1558143507
236
2491473879
16367
2491461726
236
8238714202
298529074
16367
559337874
236
236
4038298121
2181855745
11751314963
5227386882
3911409992
236
338927953
6755049678
1867365026
711168361
1867203421
884043682
559381501
982185623
14315233337
236
298566788
16367
1337566203
4038415543
236
1180764869
16367
2861
16367
236
5227354711
14149486221
3911426865
16367
16367
16367
16367
2491463095
236
13325454746
559281401
559328872
338935423
7593822337
181858772
236
3911442231
2105086094
236
236
236
236
16367
1480885737
2491478183
8460974835
236
8238749265
982169608
14148099848
16367
236
982188456
1337582474
236
236
181873520
298583245
236
236
16367
16367
532085283
1337560815
1635317757
1867090485
4038493321
236
236
890157375
181871538
1180711676
236
16367
1635358097
16367
16367
559289157
236
1337574572
982175396
1337573487
16367
16367
1480818534
16367
236
1102789257
236
338936408
883846204
2181828244
45
236
16367
3911409358
7220029140
1835700254
16367
1480782444
7220058421
16367
13975931764
338938647
8637152985
8462016251
236
8909025127
236
236
8238708478
6543415426
16367
16367
1180749214
10654010054
6512899429
559239577
1180626281
11751354496
16367
236
10653846324
16367
16367
9282511038
532087264
5227348480
982161741
236
298563065
236
1867254737
236
236
16367
236
8461239710
839334814
7220070627
13993782173
16367
16367
559279983
16367
16367
8238725794
1635363903
4038206730
236
982173868
236
883978297
7220063337
16367
16367
1867139941
883838787
1168398382
12117028041
194669151
2325959850
2901830437
236
236
236
236
236
1168390843
1168387466
16367
7485643440
1641087483
236
16367
16367
9738306819
236
16367
236
2325983688
236
1317618732
7485380555
702546350
2901444396
702470692
16367
1317721408
4182785639
12117318807
4182768852
194690289
5216522531
236
1317603670
6002028573
5216899269
1168390691
13738903886
16367
236
194679062
9738018752
16367
1011876235
702507110
9713848097
236
1457235159
2901676286
7485450784
4182764146
1641421831
12117189793
5216636527
390011614
9738148940
2901504037
1457180294
5216563968
16367
9713866983
16367
236
9713840393
1641430907
6002049350
16367
236
16367
164323449
9713818728
7485754747
194617075
1641319618
7809206115
1011961025
16367
2901649352
702459528
5215453113
4182770951
16367
16367
389878238
1317622219
2325971439
9736151283
9713796528
16367
16367
12117770512
16367
7809212678
389946487
16367
16367
236
236
1012088155
236
236
16367
702394470
236
16367
16367
16367
389950827
2325991203
236
9737334838
236
16367
6002018564
16367
16367
236
236
236
7809188520
1317626776
236
12117549488
236
6002018326
1168390761
6002029663
16367
1457152869
236
4182757677
1457171231
16367
16367
7809189370
1457310574
1641298588
236
16367
7486103676
236
1011887687
7809174043
236
194645327
1012015124
1414
761003033
6127490197
16296
1489149924
16380
843905199
1726523123
236
368810999
1617010891
7517626731
16358
16309
5507502995
16323
16352
16331
431649250
16332
1639808525
8727869307
236
11211675956
11421803363
11447140835
236
16302
1712854073
6035768146
236
10875648472
13122122413
5550473334
14021939416
16334
4566124148
13185216571
1235474815
13297359504
11852115170
1462685075
8727265097
3496544006
1772149193
16307
1557094117
1665124765
236
16321
16328
8917477079
6933028484
5135899816
7494153062
16341
236
1561630745
9964239386
9398364744
2219578034
236
236
236
805135643
9392902265
16352
12033534429
7868686250
4598132453
236
2552729147
16355
7659261027
5571009886
9843936950
236
7490504120
16323
236
236
8433693105
13191558058
236
7518722265
1370335969
803732963
11415957891
236
16334
7589096941
12217036644
16336
918861565
236
1057354709
816276522
1737504536
9318365448
236
16337
6316032859
236
236
11085536658
1622635730
16335
236
7233093666
1552022488
16327
1453281149
1469801434
6165200386
16271569246
383336547
228680463
16338
8297216769
8626181239
1646564092
12675525769
204110997
7220839893
236
236
236
16301
236
5312167340
11754035185
16356
6719835203
236
779441051
236
210485106
236
236
412870513
7062121247
3385377242
16375
9964589200
236
444388941
16339
16345
5554414913
1893027469
236
1927437724
12736492537
236
236
16318
16317
1515866061
236
236
7157329598
236
16306
1746916949
225652082
8088838184
10193996452
236
13571530944
5923461012
5259923621
9687310547
1076727662
11443368398
16341
16367
16295
236
981793327
236
1775811090
1798982357
12332791664
236
236
236
209965180
6949549406
16292
5452605464
11213375357
236
10607082877
16330
236
1813156611
1220619553
1098130110
16336
236
5386251483
16325
236
2570761598
236
16262
417604511
236
236
16322
7161343771
16326
6893852411
236
236
199020456
3172434476
16330
16318
1566735608
236
236
9244262216
1095144248
6957492117
1576053066
236
7400562323
2948495412
236
1568387283
16296
9875830801
8869377425
236
5249082831
236
16375
236
236
5932298667
236
236
10920877980
2651564183
236
7443378692
11415698723
7199781801
236
14643653496
16333
6855985515
236
11232618293
16367
5452579156
1684466196
16341
8626426245
236
6649306768
236
14706543847
1016345935
6681596325
16360
236
16323
236
1432777163
16331
12824434418
837824292
16333
16311
1355188950
7014932753
4564750014
16353
12344092132
1359700659
1599841133
225977914
8458839264
16325
16320
4222437907
16315
11251128969
3413902089
1158350335
7332942876
16342
9154211636
16310
3057318600
8545738794
418158648
16373
236
1169018841
9174231400
9898913898
236
236
236
5376829070
16331
13604254947
236
16364
6676502235
16348
3477104153
236
78481230
1692727502
16305
9052111258
8912226781
236
16360
11237091060
14721016077
7814371450
5649792979
7567239082
16360
5311379443
3688731083
16367
236
16352
6286274137
16291
1174827460
16363
236
5975966845
11777421581
226746936
16379
16329
3296477682
7082914261
892680003
6496673764
13251711345
236
236
236
236
9338912327
13828335968
16352
2042763555
1659722485
236
235266411
1503649368
3965851480
8001621521
7107119637
6435307788
236
11137070941
414390581
16333
236
16333
381116919
236
8626383690
1273944643
1611880438
236
236
16368
5575540030
918103337
401836230
2623757674
16343
5411154679
5534394345
1440074935
804056560
5342112003
236
395779334
8072498049
236
381718210
10528024161
236
16312
16364
236
236
16313
5641756493
7433884890
11174532751
16353
16293
8199248340
6296923455
6058091232
236
236
16338
236
7354205196
16386
16322
7376998273
1132067166
236
3441392773
3984697992
16399
6004595261
16329
6981975001
236
16325
16327
16343
236
16281
213520303
8798786364
236
14869259296
236
835127743
1005405066
12900610140
16355
1762397729
1443674019
5837243620
3671538948
2811429214
236
16309
236
192668159
8805368928
933481129
11415766760
1311650914
16317
16315
16316
486472629
16321
12209376940
16312
236
12305976936
2771221636
236
236
3367284166
5718222578
6414651313
370574497
16279
16358
16334
16296
236
236
236
204854595
4942168389
16306
16287
236
236
16360
16322
371163001
236
236
16359
5725935690
236
16329
3156286848
438141900
16335
16363
16347
16354
5267841494
236
6348945269
3671539010
16346
16344
890771186
16368
238228487
7137903518
199318546
1009317662
1142445650
7287600589
8084917721
236
16342
236
926118853
7363563119
1692591039
8128697299
236
236
390459426
5709013443
16319
236
16343
5413947442
14411431334
1631321948
6481976762
236
1293229634
5571638073
1571401402
16370
6820641520
13206676782
15348426766
16316
13477001187
1577812368
236
16364
11998547553
6480553445
5256967629
16336
1864552587
4940639467
217607946
9024713219
236
7744196790
16315
1104455341
16319
16329
16318
236
236
8691987702
3917525582
236
16341
236
12806656736
2424993226
810660775
236
16340
6037349025
236
11752304447
236
3015741976
236
10973468254
16286
1385536132
13763588963
1957401513
6184941632
9314414902
10605308714
6456272337
22061534626
1267454289
236
1571642403
16296
16313
5821863388
1612667896
8011762099
236
16386
236
236
10955700830
16320
236
236
364055936
4967341182
3105105704
7547342573
236
236
202745349
236
5762212323
790403232
16322
2851489517
16306
16369
16321
421685834
16367
16331
16344
16338
6978584924
16282
1501285461
9801772292
3537690288
11560698416
11425615663
16336
7516220166
1255468413
7748431527
6377553121
236
1602656276
16328
1542337898
412298786
879344784
236
5428365612
3247813332
6043575799
1535166565
878581910
1572902229
895841002
1062825857
236
16348
9561719344
3350292072
11682198120
4246095272
236
16333
7351771024
6760009110
236
4803144142
1913275891
16370
16345
236
6916128951
236
6691001516
13168218318
3383910528
16306
236
4948372792
236
16328
236
16363
6869524178
13413656830
236
236
16349
236
16350
16367
16352
236
236
236
1857160160
1904013483
236
16331
236
3372734691
1359837616
16357
16307
236
2035285258
8946901641
16357
3841122309
3684152614
3121324216
16324
16356
3688737143
16301
1570091383
236
5324961187
236
226823002
4379519019
7319866804
11382631148
16289
236
236
16368
1859361331
1053200939
4925875132
236
1043627656
236
16318
7916119833
236
236
16333
236
236
16323
1700951144
14485695211
3778759119
16330
191500235
2717399592
9849170215
12020741832
236
4622063699
236
236
236
16353
3647834919
383872118
3052395333
236
3556687807
236
16279
16316
16338
236
3302503175
1860235551
415731684
7859477337
16371
1532880749
2567507629
6930014371
10611807420
1339411348
205686854
7134487824
12705281986
9558866918
1680597961
7857130162
1647973046
7760431936
5549078986
16312
236
5327295420
2929591358
236
3183297534
16339
198879727
11450756459
16367
236
16335
16360
5386209690
813942392
16351
6128515160
247233614
236
236
10708326783
236
16352
16327
236
2064638461
236
5985391925
236
236
6189707074
12411111973
236
7440512903
236
761242916
16354
16307
16300
2577600034
6812860660
16332
2539420977
206963767
1785688895
236
12693513270
16321
16369
236
16327
1465620200
12537462131
1889444663
236
419648785
1007020412
2015454839
1332707226
1543577586
738232045
1052584755
1604749144
1501892011
1146801712
1352194697
821931634
1568608416
1478391676
1737244671
1055978909
1152901687
1846936491
1128916090
1012564846
1694067195
1811904537
1555124873
1624418402
1815090073
1518726432
1527563507
1286139368
1169026915
1913006104
1815914008
1668636761
821991750
1399634977
785756201
2179467477
1936790608
1303246126
1596990984
1161870291
1642317833
1045496597
821753186
1286469457
1465106568
1898318716
938440951
1321394573
1347795935
764967943
1818730368
921350944
1507164778
1583086243
761374347
1641485330
1591401090
1261677393
1646883801
1839606215
1977004139
1627515391
1576059264
834665030
824642091
1273691252
1882440051
780520142
1436278560
1159235397
1504880243
1628712196
1518919647
1645489355
1411796014
833795890
1418735050
1100361376
1573017655
1690559290
961529333
1308589335
1572929621
1667608649
1738285736
1072436565
921492450
834722407
1039647652
1761615383
772197492
964746805
777959773
1664355351
1807227837
1608300195
1046422271
1460678666
1587864308
787645289
1736012078
1355077396
1491349026
1445332280
1269461961
1441680826
2100440020
971651118
1402714739
1523739306
1711352255
1572913025
1584630599
1462336330
1079019033
1122985073
1943787906
1529137803
1027748771
821769912
1897481091
5697840675
10637119403
10636783514
16365
6022062942
12077835330
236
16353
1434629704
2077299481
1054826730
197609535
10435346445
16323
16302
16359
16345
16327
16351
16055461786
16359
236
236
9660594029
16301
8756023013
378157943
16374
16367
236
48625446
236
236
5897239767
3208675934
938697959
236
5916849599
8317933148
12133686237
1323156771
6077776706
16336
236
9747171627
16361
16329
388142262
236
236
195128230
4312048535
16327
1139905858
16379
236
1505889473
8110450565
7643997886
10963248382
10639777890
209041353
1536719025
16335
16367
6189389256
1508010513
12033787483
236
2136600585
7507126720
16331
1499980296
6395388092
236
236
11996093846
16290
16269
10087783507
236
16311
3296488953
236
236
7199719753
5344060313
236
6957526040
236
236
6463101047
236
236
236
16329
8752525073
16322
16345
12384062136
8801671711
236
5416401629
1489077669
5416158632
236
207395192
236
16356
16309
10467300505
16346
236
878833268
236
6431271001
5947123685
1486619890
236
2689455420
16348
236
1619639674
236
6530928798
1939203518
7130251054
236
236
16301
16351
7533342121
2866862991
7411465617
258140084
16328
1882166842
16334
20321834
17367191451
3934539468
236
16334
8387233073
1749434705
16316
16324
1927824575
392924463
6957507943
4549187564
16318
412503424
786723267
16352
16313
9858707632
6966233817
8050255909
16357
1071103190
1464123435
373406503
3778724530
3255563233
236
207365184
7175739693
236
8415134442
12124673937
8932424249
3132372851
6974830103
236
5520859792
7797121676
8851077596
9727242068
236
4379522109
236
16324
12348412921
16306
16372
236
11704011121
236
12537892541
16343
6006857896
5551250339
6037638539
5157240168
236
2752129410
236
16369
8884437635
16344
5531967119
6957492740
369595095
16360
1366848529
4573916185
10364035186
7738949895
6780724674
791803347
16336
236
1822822229
8839149414
1902519381
11625204441
3383788237
933947497
236
1403548049
9357830232
8157230544
10425018444
3381254351
11747952740
236
4409211644
1795727215
236
12099892890
7348816653
16309
213874448
9103494127
236
964126185
4521541328
10279664546
236
236
9406738064
16351
222457428
236
16346
1579414923
236
3162038979
6398634596
893805962
16367
14598236059
236
16367
236
124248103
236
236
897059806
3710124166
1446750557
124260739
9320484854
236
6398651227
16367
236
16367
12414402193
16367
236
16367
236
893797779
16367
16367
16367
16367
16367
1227884853
124203806
236
9320506191
16367
651624462
236
236
1079722006
10960552324
7522410220
12656167464
7524030757
236
1579794414
236
236
893845285
16367
16367
236
763304931
14881455485
763322092
12656209416
236
14883702166
9320470439
7523000116
16367
525363463
16367
236
7521946502
896914621
3710860993
12656168459
236
236
236
10961832232
1227901141
16367
896855645
3710746970
124238788
16367
16367
10960340021
6398653198
1227901311
897159111
9320510112
763320236
897106842
16367
13441466368
200319451
16367
525347664
3162020144
525342602
236
1579835182
1079698558
14880868658
3710968612
1227887063
124198123
525295556
1079627043
7522128759
1447033455
200322966
1446995252
16367
3162051002
16367
236
200348349
6398658717
3162058753
1446887227
3710238859
1079689568
10960203637
200339436
1579596054
1446783054
236
3162053154
1227895623
16367
16367
763317853
236
12656168736
1079784469
16367
236
16367
16367
893772910
1777018792
16367
236
236
1579817647
236
200328969
6398641592
763310499
9320477444
236
10960523075
16367
9772851043
2184978961
14415208446
9002039953
14502427075
17661521213
9304762902
15114657050
2153363481
2154815747
10585078463
2139400511
10263843297
2268762479
22781249162
2106136982
13443177992
14943132765
2198911226
14851827542
236
2065460074
2272996663
1449233407
17992165818
16367
15468597131
11001087395
16302
2086789421
16331
22823626097
2017410395
14944416346
2235168751
2038917098
9422532528
15902800209
911000724
2140695732
236
14388675572
11223265392
14203889635
9014227476
1551755446
14225738189
2137480384
10758796585
17160730808
8404165530
16468014455
9340583837
2140839900
9634719771
2228434749
2098855648
14678830818
2374285407
13431305169
13978100255
9050476516
6928443358
11001093401
9192001093
918022984
236
14855081685
2304660811
2397513328
16313
2272140200
2335646297
9394700760
9962064745
2374272686
18260395712
15002453690
11106841785
15648381805
236
2150573119
8402158237
9328041318
9273309340
8742508667
17516417025
2011505732
2078079502
236
4464040582
16331295794
4026833775
1971562107
6331247954
1133513000
16336
1891482122
13301429850
16357
236
1097400802
11863945836
1280179819
16288
236
236
13045020184
236
11336698061
1744008204
4780628281
3120055998
16357
236
3384849104
3616611122
11884873998
7214881324
236
236
9304580757
3505927940
236
1308188428
1653160068
8250537731
16350
7977277667
236
16354
16314
13947125337
11411942334
16382
16342
8636831078
16341
242941075
1093308636
12425923922
1967240695
236
236
8444784270
236
16322
7918136264
11920175578
5886794520
16358
16320
16308
1846607213
16313
7470095167
236
16344
8527785449
1814993935
8066286105
236
236
11351634843
4050998110
1372530542
8182823027
1120784954
2523369198
236
871615689
236
9071537015
236
12864472903
9102361205
236
5020765258
1176221856
256031946
236
16342
16317
16633768825
3924346289
16334
1879622230
236
16684259703
1801174724
12292234134
236
1783838234
4247426328
16321
11626984371
4193027020
8093045307
10891974837
739052038
2516678159
4052919311
1748370717
5656881328
5097540330
2024449134
16321
236
16310
1536230663
236
3934976108
236
12788312534
236
1617890078
12481072767
236
3517226214
16335
8105800925
16291379966
762103545
1249943524
236
236
8074914874
16311
8508244659
12965551942
4838074461
2622962903
236
16295
6573201531
2130071047
1295231896
236
236
236
16309
568200055
236
2460084682
236
16311
16330
236
6393747213
16323
236
16337
236
236
1070647564
13568520699
16331
8637228687
236
236
16328
16364
236
11641621337
5869418521
1791714447
236
1090480319
2776964999
236
236
3869568678
832144049
16327
236
16316
16357
4804180886
14928808733
1423206429
994525927
13121513610
16396
16313
6911992671
8007147036
236
16306
1036873254
236
236
1524630503
800913697
1459355786
16314
16347
7777684393
236
978618590
236
16307
16299
236
236
12155123507
8989015329
13476755298
7035219076
5265828608
16342
10539983055
16327
16327
236
2753673181
7710393538
16343
16326
1560855339
16369
1810247815
4583248423
16330
236
1909120262
7789622577
4374788737
12341483933
236
236
4557090434
2023479655
1764471831
236
3603880537
1394903149
236
1553413299
2189714484
14201658851
700230921
236
236
551261370
236
236
2173029955
2276023096
7326849506
236
16317
16367
236
10289802946
932045679
236
1752211282
1696177146
554858168
16314
236
4643507270
6189226375
6610018002
3959906585
7154471679
13294673631
1781173597
6015922506
587546438
236
4072112258
16361
3401526578
1772883104
4041780656
1684242115
10492697943
236
236
16372
850466094
236
16303
3298689864
1298224804
236
7206773421
11778811117
7747913675
13102403843
236
2016244395
16330
10647765506
3049866632
1880277781
317214969
3638999877
16375
16320
16347
7988549544
2295011118
9012001362
4212553116
236
16344
1101770562
236
6551902733
13927246343
5034476992
7894505197
780222813
1343231850
16298
16372
236
16336
4064302473
236
10266996674
1909804706
16328
16372
7382713469
4826713247
8351639829
16313
5865350970
2307615906
228046762
7236467335
765491345
7994089165
236
236
5544247242
16341
222818760
10107653097
16299
1495989086
16356
1024333578
7556740596
1695520765
8052690910
7827974709
4653518670
2039104385
236
236
9730458894
16391
8517584680
2634500225
11789038896
9709059048
7358849752
236
16313
6127157285
5608327437
16286
5334916591
2052851235
1004628347
16347
16359
236
3922795226
5815538229
985645663
236
236
1984220953
236
16373
16361
5798526147
16331
16332
236
12009295535
5744131621
16342
1087421327
236
16308
16329
16342
1020
11712639086
236
6000158506
236
5453149622
1841091098
236
5218153204
1351823218
1099570901
16364
9370202176
510888188
4442115243
255439796
16342
781087870
246764975
9458060249
2022381177
236
9982314583
16352
1948609629
2371689425
10656209454
2823198343
9505105216
236
293142150
16359
10353522004
16366
264258479
4166357728
1674573674
236
1830928052
16342
236
236
16345
236
1399228039
236
3681046609
4449760523
9252797947
7990542166
16333
16337
16351
4662609248
236
10563656768
236
236
16350
8409921308
236
15089116631
16334
16352
16311
13222048373
4730049465
13861600115
16346
986023924
7548594915
4230776995
236
236
16314
237483927
7761538785
556033656
4947632774
16370
22708792042
1440570192
5399054218
5287355750
1745134927
4113230750
3689038623
1571445237
8723166892
13173402818
7052536637
2295371246
4545346260
6672786738
236
6582433301
16399
236
6368382184
236
1924838866
1616336968
9463327493
16340
236
5664374464
16327
236
236
12429618300
236
236
1068877924
1639623731
16347
236
16314
16297
236
292663962
16346
236
8478404127
1026126264
5588642890
21809894080
1890729851
8207244064
236
16320
236
1940175583
14142152319
16332
13395542481
1726349901
254474763
3346388462
5486831265
16368
14857297641
7228267473
1623001343
236
753049444
236
7726234207
16339
5293874988
635707204
12991948783
7645263941
236
565303157
7849848689
3466818897
7031199287
236
9951334089
5470918248
10584970708
16339
16372
12388638850
16321
236
236
14627522233
8966771600
16301
4474263472
1874392136
16306
236
16312
16347
8404219759
6297170301
7214873278
2322340744
16349
4866085502
236
236
15028210592
1368448353
236
236
236
7240944000
5307804581
16343
9702458210
1540643583
1104356444
16333
1028045011
753675545
11096311309
16352
236
3360667145
236
236
16333
236
1061849514
1255454504
556540862
10365075746
16322
1048128885
7945992929
1681856250
16363
12560385481
236
236
16302
7763240198
16358
12994554390
236
16331
12720300035
16331
236
16329
6524373760
2282179746
4048603122
3421499205
777041331
236
16946220146
12338675646
16383
9391600042
236
16328
236
2511157765
236
236
236
1839223019
2267044446
5565952897
14461564274
16347
1542043146
9264422053
2982597586
13195505339
236
236
16358
236
7597795393
14314145191
3727158656
16306
13761822684
6458107210
1700902421
9255182233
236
560067464
1227434532
16364
16335
16308
10070643508
236
11714935877
7267477743
236
6652145868
262562069
1324475822
7574298015
232993991
1133712781
281078361
16329
2435429576
16342
16375
16323
16341
969063712
1102286396
236
236
236
16317
8148165226
16085699741
236
4450571376
16318
7104438575
16325
7148830521
13632546577
7172162951
236
1046011356
16314
737436150
6685624259
2889115782
236
1234817575
814766365
4152058943
227951417
16355
16336
1904818887
611506524
5537735932
236
16358
1550281160
13659629305
236
4713529359
6024043998
7606101061
5589990495
236
16367
10737611990
7181443541
3389552049
6292497808
3430037340
1514714961
395044767
8491033299
2395263183
236
16383
2255865458
16354
16330
890325710
236
10953717086
16311
16296
5501725114
1340078178
6643795516
16343
236
13248379741
236
4060036650
7990528530
6855414221
12643648089
5404152760
228497170
2191425294
236
16316
16329
236
2515309822
4453128903
16317
16336
1989005319
5130671221
236
16310
9884795219
4833953084
236
236
16387
236
16368
16300
4943209802
6824960186
5805505394
1263395095
16334
16348
12141689293
16333
16351
236
1073040696
1288048441
8317913384
6775480918
236
7363393806
1804171329
236
236
16358
7362844194
902874231
9112499290
1958664213
13575989209
1231584788
16339
8130266454
1012445241
4927478577
236
6890350153
8344604549
2588692273
16282
938181250
1252765578
16329
4656408834
9358809831
16341
1100993395
16340
723049450
19645120470
16357
16413
1550015317
2028308323
2005991870
236425776
791240355
786841751
231462707
818180368
1326799806
246320444
1801173527
567446934
262989837
1774804986
1073854798
1832832694
521929113
2208819079
1297765169
504496134
869457684
549711374
1898959776
1378444498
1588530782
1220810060
543645234
1318173702
243503450
230555932
1390073300
546573850
599385157
215711313
775672953
1270110097
1828376931
883770518
2020421393
1049226777
291881531
1674233175
1044290542
1089437895
1040513675
1827026225
1295051881
1579770121
232629690
651964767
1042422108
1801924718
1768694413
2106304373
287427834
1763423145
1518748032
1099452997
1759162531
782463089
1881990899
540054263
1639555315
1860576830
1408915344
790320538
841687672
1872915924
1894691135
793112263
1857345484
1781090305
766496571
829224618
1903337581
1039077382
594124402
1846251067
1754761521
1531849920
8674694194
236
16393
1855135270
1028070270
1369716569
14036798109
8246390686
16348
6052572437
8769324922
16294
4645873542
8181464629
1874415062
8837479426
236
16313
14412038080
16386
1609293840
1001922706
1549616067
16334
236
19625230402
16352
3606903472
236
16399
16321
236
988705298
236
598764165
2038710472
236
10242627514
16352
16372
236
5812958834
236
14085201597
16360
1079876987
1997025892
236
7235190440
9022808223
236
10288107449
11637228361
1653021498
16319
1426873826
1677268169
2668388235
8331102635
967949024
1068587975
16353
236
236
8846583657
236
7451615529
236
521626346
16366
1706888766
3264428970
6485450200
16335
6557306481
236
16321
7369046020
236
16348
1959071970
16373
4955152085
6792176141
16342
12852941966
17003628079
16378
236
518979570
3121943736
236
15331404811
236
1183460592
236
2659318251
236
2232287048
236
16261
7026365534
7815235190
5537697224
4284077004
236
4897237623
1845527154
582640048
16314
6112193427
2886921496
11303000648
13553965337
6345117833
16363
236
236
8830900438
13482419501
11714789487
236
8411312862
12152274150
236
515796472
236
16347
236
16347
236
7798079418
236
16371
236
12179802811
1531809524
12225104479
16332
5414386094
1346511989
1798135765
2990325154
3702352386
16369
1173257560
7610287206
3791240982
16349
1878049450
14703021696
7482027833
5277716557
16337
3448575876
236
16342
11712724894
3165897367
236
10115327160
236
1469376477
236
16332
9457231058
16396
7290718589
4023892650
3213245758
236
2906346140
4124199644
236
9231467658
236
7668772363
11278523333
16364
16313
236
7292078526
16350
12864345347
13009182735
2208471382
8221709056
11641737997
16386
16382
16362
16339
237454709
5566569208
16338
236
16300
236
16349
16333
236
16319
236
1797121281
5465853402
236
2355797095
236
1532392359
16335
5501615051
1810467655
1647611676
2718673883
236
3662540420
16374
8917952539
16364
16301
9655776324
517697665
236
16347
519342281
236
16343
16358
16346
236
16362
4292119398
11887234186
786894923
236
7653480247
236
3227207542
236
225906630
4010625512
16343
236
16353
9351444960
13118413059
1651025020
16366
2496441226
236
8900377897
5952138084
236
236
236
6549118795
6638448160
8508222149
236
236
13974828084
1504732848
16347
16374
1549377206
1853670991
236
236
8918064867
16367
1019415543
16367
236
236
16367
236
236
16367
870695106
5849833403
236
14333059504
1480788307
16367
16367
4898784079
4898801459
822220707
4898810288
236
236
14676314526
14333060049
16367
6802075269
16367
1241353289
205844890
16367
17110592146
3408524909
14675684276
16367
16367
236
17111229875
236
8125045680
205853771
236
16367
12292175862
236
3424278931
2851323318
6802103094
205834982
17110436939
870697617
236
16367
4898801411
1019370019
16367
2851321007
236
236
5849583562
822261920
16367
5849735776
16367
5849579691
14333054782
477001704
16367
5850829314
2851294045
236
1143312087
8124157699
14333072984
1241370223
476942339
822291467
16367
822291268
822189380
12292184187
2864617119
17111582662
16367
1480925044
16367
14677484835
16367
205827106
1143222761
14676426846
236
6802076264
870511181
205831363
3408601437
2851310791
16367
1241360198
1019334337
12292138390
1481072967
6802082594
236
870679111
16367
8124026460
1480806643
1019406902
17110247442
3408671984
236
3408585793
12292159505
479123786
12292159937
16367
1143263936
1480841147
236
16367
236
16367
236
237
14333041088
16367
6802109856
236
477010077
1241367976
8124380934
1241362871
4898834963
16367
236
1143168349
476949518
236
236
236
870613052
8124050126
14676371522
1143186344
16367
236
16367
236
236
4549050
236
1644666971
9694838318
236
236
1644732153
5428187420
6371523611
8099917513
4269141456
5427372220
16367
721091953
2679905473
16367
236
8160421964
16367
16367
9694851534
5030147322
16367
12325382446
236
236
1077289742
561727140
12325071807
5427970399
6371546398
6371537928
1079398461
1077296989
9694872384
236
2679898414
140493192
9694844859
847385024
8100604107
236
2679903441
236
452411221
16367
4269139387
16367
5427270811
12325093994
4269148207
16367
16367
721185108
842786421
8100507102
6371563665
8099978714
16367
1071732795
16367
236
8099815898
1383091551
16367
16367
236
3407304836
1383088137
2679913922
236
236
236
1077257234
236
10374697436
721144979
1079210960
236
4269132719
236
16367
141223597
1383017668
1644624266
236
10375554233
9694840480
236
16367
10375360676
236
847373942
16367
1079194236
10375452258
236
236
1644692854
236
236
16367
16367
452308860
1644661912
12325185039
721104234
1079325111
16367
16367
236
2679916692
8160377550
10376082531
5426993142
1383071821
452415770
6371547062
721017587
452328221
3407299341
16367
847380280
3407891524
236
16367
141297982
8160394065
236
3407402606
236
141267387
236
16367
4269126686
1383135934
1079207918
236
16367
1077263236
3407665776
16367
8160385933
16367
16367
452357559
8160403450
16367
16367
16367
12325015326
441854281
16367
17091
442178379
2748
16367
16367
664091560
1004
3123447251
2299191608
16367
77690
16367
8067532814
394
394
394
8067683138
3415
12099745230
1004
1585
95027284
1739296735
664197135
16367
7343
16367
664078395
394
442210717
5321579054
1207
78122
16367
4736547809
394
442318036
394
4736570446
1739310972
394
7104647791
4250967864
82351
16367
5321615383
81448
13725452400
76522
1023
76569
16367
394
76864
16367
5679488041
16367
663970964
394
80098
396414011
76679
79679
1022
5679462592
16367
396635416
76605
394
1739341210
13725372907
394
8058639006
7241156792
16367
530540902
394
5321543405
82490
394
16367
394
1739301773
16367
1022
4736560598
9673742241
1022
16367
16367
433
16367
8067652883
394
1020734324
394
83106
394
530311618
3917653289
394
664079868
754547906
663942546
9673753022
9673795696
80319
1020734824
12099569356
16367
1739311350
396543740
394
754621506
13725418954
16367
396380028
16367
16367
530422772
530252646
5679491578
5679508551
5679483914
12099659797
291023556
7241248062
16367
16367
394
16367
664139102
1023
95142562
394
2299181930
8058618137
2299205491
394
741
394
77985
394
12099606389
16367
5321618595
16367
72244
529
7104655082
3123419106
76787
72348
3917653365
72458
754571285
394
80198
4735977090
79647
394
79656
4250991524
530425702
213994044
83130
394
82650
8058610580
4250953444
394
3123445250
16367
7241253008
9673742236
1020733174
80271
80290
80366
3123443866
8067563633
4736582180
81407
8067641160
16367
530336673
16367
78018
3917690692
394
291133322
82880
1809
7104660576
7104673654
8067643065
1022
8067582542
394
394
16367
81331
3415
95122232
16367
3123426589
72538
16367
80318
2299191823
12099593885
9673754730
16367
394
83007
396494952
394
8058623700
754467267
3917644617
5321514619
3123411929
16367
394
394
76682
5679501259
4250957159
79768
394
16367
394
81249
214107939
16367
16367
72374
16367
4735989845
8058677593
16367
441697624
79813
72372
8058639512
16367
396406613
396450060
4735981942
82577
394
2299178763
9673764321
394
664075608
7104632712
754532171
214046943
2299181249
5679484024
12099527429
77578
394
3917713114
2299204783
7104656722
82391
16367
394
16367
394
12099636987
16367
8067608085
8058651010
79572
394
7241212939
3917664350
394
7104660255
291126152
1020743390
394
13725396131
16367
16367
7241284874
214069345
1022
394
9673875307
4250960246
214035061
291081554
5321557968
82551
5321566345
16367
80056
441557209
291259109
8058624275
16367
82881
394
442379767
95124833
441784791
13725381878
7241182116
3123429925
394
24
72368
16367
394
16367
72432
394
1022
394
291133752
13725392092
16367
1004
13725445605
291026453
1005
1022
12099579788
82694
7104660760
79498
4250959350
213995505
5321554877
77868
16367
77927
16367
80370
16367
4250974494
1023
16367
95096044
7104674061
754513015
426
72202
81228
1739286396
1020746506
1023
82443
463
3917617991
1739335768
5321603847
8067619901
95101835
16367
7104663046
394
95162185
2299196774
2412
442374341
83105
3917679167
291060866
394
663920735
530559818
2299189615
394
16367
4250970509
1585
1739284975
16367
394
77707
16367
1207
1020737026
7241291206
394
394
394
740
12099625114
394
4250944134
8058616436
394
7348
5679476603
16367
1020732613
81216
16367
81117
394
82419
16367
16367
664115838
4736555162
5321622459
83041
394
754378411
83054
95125128
16367
80152
16367
3123446329
394
394
16367
213989908
77771
530349939
1020735588
77889
16367
79503
79629
76576
214003868
3917654982
394
394
83214
214072943
13725392781
16367
83079
394
680512154
3123445261
82713
394
394
394
13725449672
2299181742
1022
16367
394
394
72179
16367
3123442103
16367
396408435
1739324885
9673775518
16367
4735974153
95075472
291166715
754421774
16367
4125
394
81265
530280759
5679512775
754383743
530514889
5679539011
12099639576
394
16367
9673835835
95093701
4735963937
8067639135
8058638947
81235
441783990
394
16367
16367
76815
394
16367
9673767966
4250965501
79722
81515
1020742261
7241219550
754490356
16367
394
214041434
394
7241261059
396391229
394
1739289291
7338
396499820
13725488037
16367
1023
76574
7241131361
1020738702
3917646589
394
2020890
9491045348
16367
16367
16367
1058471617
789027056
1607363829
4724816413
16367
1871114155
7620659958
15302646018
16367
16367
16367
236
16367
236
236
236
7127808234
236
16367
236
1326985867
16367
5915330113
7620808043
236
16367
13373716934
16367
7127819685
8292312418
2143196381
7620695594
16367
1871265057
5915329045
236
236
16367
7620756267
16367
236
7127786964
13373554227
16367
16367
1871309775
1607276674
236
1607512144
236
513336386
16367
7127800821
1871194814
236
16367
236
1058383289
9491077209
16367
7620509303
16367
236
16367
236
236
4724822630
789075061
9491093482
13373593067
16367
236
236
16367
3720482992
13373670400
236
236
236
1326882941
13373593755
2300410267
5915320969
9536082511
16367
7620505342
236
16367
7127793861
236
2143121826
1871248164
236
236
9536105442
236
236
16367
9491088693
16367
236
7127809288
247739297
236
16367
236
13373723061
236
16367
16367
2143273214
16367
16367
7127799318
7620664887
16367
1327130847
236
2300405571
16367
16367
16367
3720407871
236
236
13373712944
236
2300409045
236
236
7620735652
13373721791
1607486237
789026466
16367
236
16367
236
236
789068125
9535788666
16367
16367
1607318004
513449074
13373632266
16367
8292291385
15302963233
7539862815
236
1871271763
5915334488
236
15302940575
16367
15302603707
236
16367
16336
16367
236
5915315692
236
4724796558
9536042665
236
8292327042
236
16367
1326885482
16367
16367
13373707303
16367
16367
4724792677
1058403844
3720458563
11570518392
236
8292299066
16367
11570321958
9536062026
16367
9491052795
236
2300416722
16367
236
15302712561
8292318025
16367
236
236
236
789052256
5915330721
2300407626
2142917562
16367
15302839293
9491071341
2300413252
9536041443
16367
3720372477
2143179346
8292312343
1327004817
236
11850507124
8292303011
9535779636
11495148188
16367
9535398407
236
1871454029
247717873
16367
7620682654
236
236
16367
236
9491086672
247763853
16367
1326897403
16367
236
236
7127798323
7620753608
16367
4724831692
4724791384
1607180416
7127782527
5915313167
1327030710
1607535177
236
2143137169
16367
16367
7127784699
16367
16367
13373857604
236
12489566487
236
15302854781
1058320656
236
236
16367
247694789
789008350
2300414349
1607395226
16367
9534801582
15302972740
16367
16367
1058654527
10073446745
2300397550
247723887
513373446
9491086836
8292285945
1871031725
7620628534
8292292541
11570579246
236
15302991591
8292300920
1607242754
1871118697
1326917669
236
16367
5742681110
16367
16367
1046507749
2300406245
5915327383
16367
236
1871370690
236
236
11852067496
16367
513373980
16367
5915331952
9535932461
1607460206
513388111
16367
9491090883
236
8292300390
5915320484
5915289783
16367
7620661102
236
16367
7127799018
11496030686
16367
13373651171
236
8292289642
2300398824
513359085
236
247804738
236
16367
236
11570607188
247770361
2143120408
16353
1326987613
1871346265
236
16367
513348070
236
2143125628
788945890
4724811792
247710489
789108279
236
16367
1326841280
4724803771
16367
16367
5915317145
2143090066
4724789403
4724788208
236
16367
236
236
2300404948
13373802167
236
236
2300409239
16367
16367
236
3720426921
7127806959
16367
9535726072
2300409696
789057645
8292315248
16367
5915325073
16367
14973952993
236
236
16367
236
236
7127783530
16351
236
236
11570557549
7127797788
12323103713
2143093465
1326905676
16367
236
1326875906
9535951942
236
236
5915320006
7620647527
1871187345
1327104525
2143121000
16367
9301583246
16367
1871270642
1326856785
236
16367
8292294631
16367
3720455135
16367
236
16367
236
247733028
1327057918
16367
236
15302870001
236
16367
8292291365
236
236
236
16367
236
789151005
1058438208
1058408466
236
7620602500
1058550268
11570362384
236
2300398298
7620754489
16367
247759258
3533364930
236
236
16367
236
236
1058374464
2300417354
9536164986
513313369
2143220117
247711218
236
16367
8292278850
236
236
7620269803
16367
8292293817
236
236
16367
13373586701
236
16367
7127799117
1326908932
16367
236
2143023954
1607378417
4724792210
5915339364
16367
7127805564
16367
2143067835
16367
16367
15302694412
3720460264
8292306392
6260029273
3720452847
1326972182
236
16367
1058404270
236
15302706848
236
1326846264
11570436539
236
2300415296
236
11851942766
16367
16367
1871307727
15302839266
16367
236
16367
236
5915304574
16367
16367
3720436030
16367
789132452
513375882
3720390025
236
16367
247691808
15302686284
236
236
13373508267
15302801056
236
1607519514
16367
236
247787323
16367
9491064689
16367
2300411904
15302703584
16367
236
2300401526
16367
9491119621
9536042010
236
16367
4724826347
13373595211
7127813037
236
236
9491086511
2143121383
236
9536049677
1743627594
16367
15302817452
4724816059
15302922330
11570406715
789083151
16367
236
16367
247714274
2300405665
2143249247
16367
236
4724803766
3720401292
2143139283
236
3720403996
236
2300407167
16367
4724805156
1058365485
1607231024
16367
236
236
5915315201
8292307633
247729454
236
16367
9535920597
1729085779
9535978605
9535793140
2300395201
1326758699
15302595907
16315
236
9491075719
1326984092
789021914
16367
236
1058484096
236
16367
1326850451
15302925116
1375841750
16367
11570560152
16367
236
236
11570166897
11570421520
236
15302683958
16367
236
1058397058
9491079452
789073658
11570431055
11570549257
16367
236
9491093701
236
1871254015
13373667412
15302700409
16367
16367
3720444572
236
16367
7127804739
9491102164
236
16367
236
9535883055
1058310085
513380743
1607575540
16367
513329916
16367
236
236
1058479936
789024894
2300410170
236
15302741108
247796886
1058469967
13373689237
4724803205
5915335066
16367
1871319222
16367
15302882045
9491082063
13373939453
5915316578
2300405033
513351129
247795380
7127804713
8292299465
16367
247771445
3720413485
9536064331
236
16367
9491085561
1326731420
16367
513413051
789088608
236
3874208270
2143029246
16367
16367
4724797672
236
236
236
236
3720432626
236
236
236
16367
16367
789063995
16367
16367
236
7620744773
16367
9491068226
8292294329
2142952205
15302590576
4724820209
788989633
16367
236
4724812046
1607410703
16367
236
789082607
236
236
236
7620654783
1871226934
13373645114
236
16367
3720398404
16367
16367
1871398269
16367
7668313415
1607377986
513402479
236
16367
4672265482
16367
11570529970
247750599
236
11848723083
1058464214
7620611494
2142955890
236
513345297
13373731852
513333802
1058474720
2143140247
513391182
789023665
16367
1607383108
16367
16367
7127810372
16367
236
236
16367
8292270493
1058579729
7620674270
5915336456
1607233828
236
1871306444
236
236
521910618
3720355353
9491077785
236
2398149292
2300414913
1871235064
13373785045
16367
9491098712
236
236
1058366667
11570413071
13373547480
236
11911123593
16367
247763202
4724807789
236
236
236
16367
2143213239
247739985
1871271324
11570450573
16367
16367
4724796313
13373668105
247748929
16367
5915312738
16367
236
789044734
3720444439
513404519
16367
7620596034
2300409533
1871488046
513377097
1871386821
236
789111771
16367
9536127728
236
236
16367
236
11570571133
513316796
1607407305
236
247729215
5915296704
1607525792
5915327518
16367
236
247761643
13373556158
1607281300
16367
236
15302812611
8292296185
7127806653
236
1326980042
236
1058458377
9491088984
1058415965
236
3720498696
236
1058430300
16367
513359066
16367
513457615
16367
2143126186
7620622879
9491078182
4724819281
5915338482
16367
473
16367
236
236
9536061517
236
7620666750
1058503386
3720396871
16367
11850870328
7127783600
16367
1326995225
16367
513335594
5915327146
7620670733
16367
16367
513385320
4724796559
247729471
3720450172
236
7127814825
8292285364
11570536590
1607362654
11496155994
13373605005
11570553515
247696418
2143187934
247727574
1607391525
16367
16367
1607313277
1058569966
1327007379
247728138
16367
16367
513409643
1326977485
2568
16367
236
3720398121
16367
8292306877
1871385550
236
16367
16367
236
13373596901
2300407713
236
13373632520
9491082034
2143053136
1871248492
9536052404
236
236
513390660
16367
513385259
1871475607
1058365687
16367
1326976890
1326897672
3720411993
236
236
1871250607
16367
236
11570654298
789063226
247692642
236
236
16367
8292291928
236
1058505785
9491080186
7366253651
7127810209
3720415362
236
16367
7620764953
236
7127813510
1058512427
16367
7620564610
236
7127796803
2300414704
9535327554
7620734774
236
1871202137
236
16367
247668157
236
236
16367
9536123737
236
236
236
513346906
788975905
2300413969
9536010563
9536112409
16367
2300409581
16367
236
789079567
3720447384
16367
5915333287
16367
3720410738
236
2107301133
2143227067
4724807590
9536048991
789020191
9535933829
16367
16367
16367
236
1607424218
3720404450
16367
236
1871232725
236
789056048
7127829992
16367
16367
236
236
5915321825
236
16367
9491096395
4724800454
16367
3720409019
7620785770
15302758820
1058604021
1326818956
8292319944
1607444064
16367
236
7127793751
16367
1607360524
15302623115
789061645
8292290697
16367
13373332605
2143209231
16367
236
16367
16367
5915329295
236
236
1607309507
789046031
16367
2143092156
2143006561
9491111790
16367
1607353022
236
16367
15302591648
4724805833
16367
7127795034
16367
4724788753
8292310201
9491049064
4724782157
16375
5915334264
9491092321
4724814773
7620691630
788994701
236
236
16367
513306124
16367
3720442780
3090
7103
13372
9192
9644
3013
9939
2660
12691
2923
2861
1241
2859
2864
1242
2343
2808
1244
2353
131
2753
211
15265
1309
2498
813
4239
1983
1872
9206
1768
2097
2600
676
1696
21934
9864
8508
2838
10003
3592
2197
4392
3946
1187
2690
2449
4553
1812
1742
2822
3387
1843
117
37352
12500
3790
12243
3703
3490
3805
2892
880710
13181
3212
359295
45395
4763024
5744
728
4179
4716
3437
2133
12455
4456
4709
8376
2099
2350
2811
3290
7739
2289
3119
3316
4009
2816
4561
2472
2320
1749
1644
3179
3583
2256
40013
3307
3819
1325
1476
584
1086
28922
1398
1826
2242
2059
1517
581
1340
20458
886
2969
22030
22011
514
98
372
1974
1738
1622
1143
26844
1331
635
975
1828
3545
4051
2594
4304
3056
2877
2286
28047
2252
613
2136
6345
4774
2671
2220
460
2154
2806
2763
5507
2921
455
45884
1910
23351
495
4764
11597812843
236
5055330548
236
16368
11538911480
9668208892
16315
12125828524
20339450191
236
8921732608
7509314872
12794736799
13500094302
16318
13596658385
7631940176
16353
8834861925
16327
12905099526
10998277658
11154856231
7791976678
16338
236
8053323029
13335591658
16367
8057095602
7068990126
10729674869
8312078438
16363
9586645064
12095426956
16362
236
8413610534
10333504462
16351
16287
16348
236
16323
16340
12588808387
16339
16313
16307
11113031718
236
236
11880154683
12948450864
15156964231
7821809510
16303
16249418855
16337
8641199201
7531545273
236
8851590973
6814866879
236
9133907464
15920956618
9741173288
15086343510
2711872198
236
16331
236
16326
12517868539
12829254586
16304
16311
18326740585
236
8655491535
16330
236
7939727110
15598229553
236
16234605615
16342
16365726048
236
10600749194
236
236
15117007658
16352
236
14499584084
16346
6629219979
7799395633
16362
236
236
11915127395
16344
16341
8366126036
16372
16342
16318
10605284139
16916299527
16331
12421617377
8076562514
15089181424
12159989244
236
7971557000
9384236129
236
8275813475
8500314693
17603085495
16323
20356497885
19255816492
13057241239
10462232984
236
16337
17058794041
16342
236
236
12605040480
12226330425
236
7538388588
16343
236
7404455271
236
12965495556
236
236
9938683974
7620732872
236
16354
236
236
7000621800
8487725610
7989970850
236
236
236
27402191050
7372185495
236
0
236
10076914459
236
4364974369
236
236
13399260005
16342
18421973436
9503739801
16487229258
16302
2707938518
14251898091
12650284644
236
10665991321
6499583109
8723129179
236
16305
16410
16338
9394036561
236
16361
236
16323
8774080746
9447933253
16309
16348
16319
8934583823
585419185
13971217468
11349423576
236
15312141503
14744987209
16293
8760174668
16362
15218736420
10848373062
236
236
236
16316
8868194107
16347
9608200306
236
236
13893480089
8715553171
236
236
17912950117
16672830087
236
11375848842
15983008450
236
236
16387
12106400612
11633026286
16384
10231316077
7592172176
16334
9564303992
13336919769
6678933634
8148582351
16327
236
16355
10480730105
16317
7498651656
236
16320
236
8018142660
236
236
14895791118
13405714530
16359
236
16339
16295
16904060604
236
16327
236
236
236
16346
236
13011725236
16329
13667387462
16987194005
16343
236
16339
236
10048691755
16929874585
8306446409
16387
236
586204277
16342
236
236
236
236
236
8484384745
10566827133
16353
16348
236
12040216698
16339
10515713903
236
16378
16329
236
16353
7602383218
15396162016
236
7807153681
7973218755
9867386620
13707396969
16323
15461509274
236
10417100085
236
16339
16343
12639132186
14059948759
14184462174
8260835853
11286707186
16323
12824861114
4366379673
7714292412
1863879552
1808127807
1547707680
1654965817
1492437464
1424788946
1515969679
2159413806
2197389132
1633041848
2276100802
2168452559
1442343683
1862221301
1781495378
1577597893
931048928
1920880772
1791633148
1947266266
2191140812
2078626228
1915209601
1430146976
1614007296
2431285268
2319664091
1862831218
1558568382
1828951636
2126261433
1848263993
2319512128
1698478869
1973418498
2205125721
2154404278
2071366495
1509924451
2346317244
2168940466
1228281186
2267138031
1746703358
2062512862
931888107
1809386377
1867504836
1575746219
2127395709
1991491059
1693359886
2225891851
1554619850
2216485130
1468767793
1648639787
1743885048
1719789385
1897155075
1691494882
2768572778
2053754794
2151093293
1740336155
2044081592
1973364572
2093536851
1617162240
1861949830
1972125641
2468217556
1677152108
1863800753
1300185086
1839383537
2267118597
1661403594
2189330087
1681279949
1386023999
1235830710
1940287132
1362588015
2170068043
2178257406
1882248006
1861177179
2177969740
1994351598
2397323330
1714138481
2393937020
1690493299
2318906790
1892252678
1710159495
1892756141
2219455111
2042365149
1894661882
12128597903
8125139512
14152614266
10444498162
12244574331
16374
236
12260566583
13347062843
236
236
14391850803
6769317397
236
16309
236
10605322266
8286683952
16354
9445714636
9172438633
15430837734
236
9371724986
16281
6286278758
236
16349
15077202465
6571099288
5494246351
7508887485
16345
236
9325156529
236
10523726634
16787055335
7189688592
16323
236
16354
6482483939
6534621650
12298665128
16343
10039301401
16336
16321
13013571602
7524493413
236
15172167591
236
11292822771
10146466574
236
236
18624523471
11352772475
16370
236
14058702651
16390
8118629847
236
9002839255
16311
16321
16306
236
236
10123631839
16332
236
18198629788
16372
16338
13650702955
16313
13110943203
16368
7209188352
16374
11577527196
6025565331
14788122962
236
6955080935
236
16328
4975809442
11776970653
4794737378
236
16367
4794722955
1974605727
16367
5837391128
16367
7996806857
236
1320646523
12623348461
8154785775
9102521714
236
11776859030
236
236
539957549
9685589417
16367
11776984004
236
16367
236
12009310613
13718175400
236
236
236
540023538
1320562678
236
539927310
16367
16367
236
8154866561
7061708379
7996565184
5837358869
5807528521
236
13718149509
16367
236
16367
540018903
1084186647
16367
3985516129
236
15098933742
16367
9102510148
16367
236
9685355707
16367
8268928662
16367
236
236
4794712980
4005925195
12010118294
15098765300
236
16367
1872084496
4005916429
236
236
16367
236
15098939819
236
4794713441
236
2061347820
15099005068
778148576
3587546476
2061202456
1187656992
1187641000
16367
13718103322
15099000074
3587587431
16367
15098942146
236
236
236
16367
8268944496
266212033
16367
16367
1187650357
5953118811
236
540025136
5828796950
5837370257
16367
16367
236
7627479877
236
236
8268952831
15098854005
9685474035
16367
4794737995
3463573541
1084330194
9102538997
16367
5953037756
16367
16367
9685461620
236
9102504576
16367
16367
236
9685547090
7996581180
1974600543
1320456980
16367
7061724357
236
11777068620
16367
236
13718234921
4794743465
1084161405
236
16367
13718101758
236
266226662
16367
236
236
3985540117
236
9102521039
16367
5953122471
1974726011
236
5837346856
1320415835
13718097517
8155127888
16367
16367
16367
236
15099026784
236
9102521967
540015608
16367
2402114200
4005913431
16367
236
266234978
15098840354
16367
2402102637
16367
1084360823
236
2402117811
236
1084310581
1871943977
1320438644
236
1187646118
7996533894
4794733165
7996443545
11776919256
11776912939
539988243
4794730294
236
236
5837367816
9685523318
16367
266246964
8154575197
1871976906
266199827
236
236
9102531212
4794713185
7061723541
1187653493
236
236
236
266206936
16367
11776657405
236
9102536557
236
16367
16367
13718208719
1974476935
236
9102559270
16367
13718070839
539946042
4084997817
3016824409
1974617193
266233945
5953036112
236
236
7061697148
15098956278
1974643940
236
2061235496
4794715548
16367
16367
236
236
236
5837369321
789052520
16367
16367
16367
9102561293
12009380542
2402107960
1598565088
16367
236
4794724747
5747336475
16367
7996519140
1974525377
4005928796
16367
3456078322
2061472882
3587570962
16367
5953041765
9102509238
236
1187665969
236
4794725812
2402116515
4006019824
7996722701
7061724212
1871967976
4794759939
16367
236
11776817461
7061712689
2402126097
16367
1974749626
9685537173
5726407762
236
16367
16367
16367
1320576162
4794739599
236
236
3587581618
266219053
8268913922
4794742745
16367
236
9102536228
16367
7061736948
4794728948
236
1974522057
236
7061708522
16367
16367
540116928
236
540019867
8268965666
16367
1187654296
1974522282
8268895731
15098823263
236
16367
8268916771
1187647883
7061724015
1871995166
16367
236
9685602477
9685600905
236
4005947517
11716834041
5814525349
16367
16367
8268933850
4005937874
236
236
236
16367
236
236
16367
236
1598572831
540033737
2061423939
8268951636
16367
236
236
236
9685432559
5953131151
236
266205390
16367
8428255531
7061722764
15098940444
266215789
2402126062
236
236
16367
3540378254
236
236
236
5837373014
2569433968
15098903446
1974662701
5837358149
16367
236
266217546
236
1598564093
11777042432
4005952504
4006028705
12010546528
16367
9102516271
11777065585
16367
236
236
16367
5668048885
9102516431
236
9102564664
5871780849
7061721077
236
4085189427
2402118343
236
9685266560
18848957826
236
236
4221694218
236
16367
539871913
266261664
16367
539915606
16367
779408173
266139069
236
11776828892
236
16367
797679205
1084218222
5953122757
7955645957
2402109161
11777092534
1187648110
236
236
5837366682
16367
7955764672
236
16367
16367
16367
5507586646
16337
5734960135
7996590138
9685379187
16331
5837369419
1320493756
16367
9102528141
15099045839
236
16367
5837370622
16367
1084246873
16367
236
790057000
15098891489
236
9685390078
16367
16367
236
7061697059
2061328841
778753849
8154774229
16367
5736469712
8268972661
7061706169
236
2402117941
236
9174571146
16367
236
236
9685368895
266205955
236
4794740209
2061286563
7996580628
236
1320460490
236
236
236
9102503254
236
236
16367
236
1598789154
15098938459
9685461894
236
16367
16367
13718151725
1988863103
236
16367
2402131154
7061694683
236
769011717
5874350663
15098862444
236
236
236
2402127474
2061336854
16367
2402127707
13718212382
16367
15098918805
13718186957
7996539062
266182480
1974645899
236
1974718390
236
236
16367
236
11776932640
5953154726
16293
236
8268931221
8268918777
16367
4005974746
236
7061723723
3587575495
2061323670
9102503652
2061132181
236
16367
16367
5953142142
5837367035
236
5837374023
16367
266121441
16367
16367
7061712955
16367
236
5837363798
4794741566
9685400418
236
16367
236
1187653234
8268917385
236
16367
2402119369
7996505433
5657538671
2061295412
16367
7996440115
236
16367
16367
9102548235
539885823
7996551339
16367
3473946386
13718254597
16367
16367
9685606576
7996535117
236
16367
539923819
1598564092
16367
236
2402129929
1974754019
16367
3587571029
4005931764
8268915819
16367
4794756800
7061730076
16367
2402124977
1187660221
1974580255
7061701189
2402117261
236
236
16367
11777076963
236
16367
1974753256
9685441565
16367
16367
236
4794726403
7061684105
16367
1598523653
4005944192
7061699731
1187650719
12412902976
5953128701
7061712217
9102525365
236
16367
1974673780
236
540013813
3512828149
236
3538805392
1187659576
16367
16367
236
16367
16367
9102535828
5837347623
16367
4794744551
16367
16367
236
8268945439
7996482707
1871981917
236
11776834021
2402129781
540058663
5837377171
16367
266214652
236
3450961580
236
16367
13718139584
16367
236
2402112635
539860440
236
16367
16367
2061226941
236
1196987409
236
4794732223
11776978800
236
266202586
4005959428
7061737255
1872009389
16367
9685497000
236
16367
7061692648
3587583335
8268914829
11716928755
236
16367
1974720969
8268891342
2402113715
16367
236
1187658261
16367
236
236
1974619164
236
16367
236
5593364602
1187650402
2402126751
16367
5006215570
8268930435
13718218479
15098949473
16367
16367
1320622381
1187667236
9102520818
540007384
269785729
539967267
2402102811
2402130244
16367
1187659647
8268958636
539969631
16367
16367
3587584332
16367
236
5598118008
16367
16367
266178771
11776749240
16367
16367
16367
1187654718
11776907860
16367
1187651688
9685326823
16367
236
1871874521
4794732340
3504145617
266219413
1320576015
13718200849
13718090406
5730205366
5837354281
15098865024
1871872646
236
7996682539
540020195
1084288736
16367
3505165518
4005932690
16367
16367
4005945211
16367
0
4005904410
16367
16367
539952567
1958755006
236
16367
236
13718257514
13718083829
539995025
4085120007
2402118492
266290276
16367
3409583262
16367
8323464757
7061748766
4794746593
3587570578
11343207311
16367
9685614905
236
7061742269
4794734875
16367
16367
16367
2061349806
3373836288
236
2061384722
266224054
4084914185
8268941869
1187659770
16367
16367
236
16367
1084317598
236
8268915051
236
9685350980
16367
5665468708
1320570504
2061328891
1084345645
1598600586
809049979
1320643468
1784670582
1871954754
1084338760
1872161547
2061359552
1320525798
1084366874
663860503
1871884565
1872123468
783357463
1320454853
2061385990
1084422837
1598460381
1084347940
808978487
1084302250
2061249881
1084351882
1871933636
808922899
1872007865
1872003185
1871968429
760969963
808974624
1067481134
1320636326
2061246041
760040716
1871987775
1598620527
1871876865
1598578486
1871845976
1320581997
1084278654
1598524288
780972453
1598483275
1871869671
809084390
1084390414
1084237607
1598761139
808907453
1084329689
1084423986
1320456980
1598607282
1320325806
1084156702
1320531969
1598525360
808889086
1320480942
1598651245
1598739648
1598546479
1320520384
790268563
2061271749
1320476500
1320450983
1598631518
1598493860
808959174
2061356637
809084011
1598511832
1320658736
798090644
1871980163
1598775944
1598701254
1084200644
1320520834
770145569
1598593082
808908118
808891748
2061187481
1084218480
1871998416
1871870140
1598685865
1084402917
1320617029
1320527197
1320439966
1320529627
2061195112
1320582089
1084129652
1871896517
1598487199
1871958134
1084240059
1871865928
770295562
1872094918
1084418016
1084365728
236
9685518434
7996608684
7996601004
7061734586
16367
16367
16367
16367
2402133495
16367
236
5837357266
236
16367
779545578
236
16367
9685492355
1974677233
16367
4005946690
540088180
1974585558
7996414114
236
16367
7996430381
13718157229
15098903860
236
1598455130
9685447298
16367
266199495
236
8268947789
16367
16367
236
4085076032
16367
9102525604
8268910947
11776939797
9685404090
13718146560
16367
540016205
16367
9685357436
16367
9685334387
9102524861
16367
5837385302
236
11776946815
1974617668
15098950053
16367
13718164306
9102514480
16367
16367
236
2402152294
266234158
16367
1974759930
16367
16367
15098941462
1187667568
236
236
5837342759
1974494019
2061438061
539915209
236
5837364330
236
236
3587582471
16367
15098884695
236
13718222110
8268923017
16367
7061746444
1255445285
236
4794744593
236
1974731551
236
236
236
8268931509
1598604144
236
236
16367
15099022366
5837356414
16367
236
0
236
13718282930
13718177306
9102524546
236
3414328209
236
16367
236
16367
236
7061717834
236
16367
266182013
1187664831
266239811
2061326048
16367
4005965676
3415893961
5837339300
8268960042
16367
13718229495
5837368038
16367
2402111429
9685409959
236
16367
5764402598
236
1598521061
5837327364
11777015829
13718144866
16331
792040769
4005828601
4794744551
3453349063
4794708668
3370888607
16367
236
5837379246
1187652737
236
2402127683
7061728310
236
16367
16367
11776960648
16367
2061270381
13718120360
16367
4005974263
539900232
16367
15098889804
236
1974627155
15098911145
16367
3499806525
1187662090
16367
16367
236
1974582437
16367
2061316023
236
1187655381
2061440869
236
13718159454
236
16367
5837364907
236
12009783951
5953139477
236
16367
5837372204
540081594
7996449793
4794734358
236
236
16367
16367
16367
7061696532
236
15098970067
539996581
3587568879
236
236
236
236
236
5816433182
236
266173307
236
4794742134
16367
16367
5837362302
1187657312
1974530121
236
8268947755
16367
9102521103
1871985007
9102550755
1974553308
16367
16367
2402121106
1187657834
16367
236
1187653214
2402125901
236
4005977470
236
16367
236
236
16367
7996549570
16367
8268928137
266237745
236
266219394
1598660353
236
3456950003
13718170433
16367
13796348663
236
8268914528
4005995578
1
16367
16367
1145326894
1704948410
1145311784
1384525748
236
1145275234
236
1145095634
236
10005266760
10101933002
236
471283974
807086952
236
1457265032
8206416723
1384677009
6789807390
5883811823
1704757857
1457739272
196691741
2832846653
3457342896
6789804077
236
1457549941
16367
236
6789799083
5882986624
12319266498
8276460409
2832873875
236
471263723
471292901
16367
1194162389
10004407316
13916985468
8275947912
236
16367
1384665134
16367
236
236
1928916293
16367
4826623883
16367
10005842684
1145194033
236
236
1194156130
16367
236
810636319
3457328912
3456979645
12318582198
236
13916075571
16367
3457245072
13917583844
471312970
236
16367
1194166833
16367
4826603301
16367
10005813425
236
236
236
8206410786
16367
236
11412996495
196664824
16367
5883567764
236
8206388141
1457445369
236
16367
2832854349
16367
16367
236
8206431476
4826628520
236
0
236
16367
1384659351
16367
16367
16367
5883496277
236
1384627443
196652620
20733443294
3457250869
16367
10006334406
471209102
236
236
5883882252
16367
4826605355
196686557
11412975456
1194180979
6789801346
810709626
8206420459
810589294
16367
1929055953
8276237347
16367
6789816944
2832850102
810673447
16367
810588404
10101924645
8275650879
236
16367
2832863341
8275879266
1457647565
4826637818
30228
16367
236
16367
1518915335
355583787
1842494288
1758977347
16356
236
2618643104
2797777994
236
391500043
16397
390181451
447277099
2765599076
2202478433
236
1592211866
16310
3567258372
3260120574
414646759
16321
1896592977
2803050764
376300934
451172750
16324
1945281353
3335466762
3574295790
16367
16331
1708590576
457773228
2577015371
362456547
1518922821
236
16327
236
2417828179
355527651
236
16329
2808572235
1685857025
2335975745
16316
2917578459
367540747
16358
236
366407913
3518328758
236
2463183558
2720086846
2699569739
754276974
236
1737504523
2569349676
379892168
16295
236
3095781396
236
1475179633
16335
394692499
16347
16337
1680559185
412030359
16356
1921583574
236
16347
2098921106
2772151078
236
380986215
236
2417821799
236
1616114387
1668725875
3127282361
379783703
414911547
236
236
2531778770
3171153660
16356
16295
236
390585055
637996157
16331
16281
236
1699221604
236
705601109
236
373329809
236
2248079546
16309
384117276
16342
236
3542732516
236
1730883481
1968858402
1613665381
236
403485666
236
16401
1690698258
2769633710
16367
2659373072
16338
16303
2924495875
2233612898
399404547
408852854
236
236
3110448239
16330
1545563037
236
16358
16361
2667992569
1763457496
236
2940175166
1831512267
355187796
2680051592
383853195
3065397381
440960257
16367
16367
16367
9348572085
1022
72958
394
13777248076
84645
1208
3416
1005
83248
394
394
7472456248
394
16367
16367
4408808617
394
2204745132
76697
767146593
8130401827
394
80016
16367
450
8130399905
767125862
483
1039994469
394
394
78686
394
9348548615
1199
3736885016
394
1039916190
309471979
18601950364
16367
1039832093
82385
82435
13777021001
5586531141
76815
5586515629
81422
7472389576
394
1047
84775
5517320084
72917
16367
81559
394
1040091875
80286
10979118383
101323738
309552970
18601921608
84783
622740540
16367
6612927123
394
394
18601863565
10979080521
1023
1040133875
5586517073
1023
1861458042
309490670
3295818171
874
394
11205839689
16367
767099019
16367
394
1861468480
472
81273
16367
394
11205812539
211408024
2204765757
16367
83501
73072
394
205407328
1861451996
83079
82863
414203371
7472528152
16367
5586523449
73086
3736891075
16367
622718153
7472402568
394
394
81970
16367
5517330178
82420
16367
519567569
394
13777126779
205324066
80346
5586528451
9348546883
394
81801
16367
76484
2885
18601925855
5586531221
309517574
4408814549
84726
3295822601
4408822011
1861454563
394
309473985
16367
16367
472
101272151
16367
1097721398
16367
767271627
2204772396
205309374
394
78727
6612931298
394
101317295
10979098560
414219958
5517349507
205318820
9348509354
767244389
16367
1040034442
394
394
8130427766
394
16367
10979094870
394
84548
394
16367
73024
3295814113
414194380
3736879077
5517313389
83534
309488017
16367
8130392125
16367
13777133478
4408823516
1039875109
3736876833
4408801164
3416
16367
1861436872
16367
16367
76669
394
11205789304
767423504
3295800468
394
80344
9348499869
394
394
13777208795
394
16367
394
3295817107
16367
16367
414067686
767297405
6612913782
394
414215078
394
394
5586584530
16367
5517331615
16367
394
83739
1861468045
16367
1097712689
205328780
16367
11205729763
16367
18601855496
16367
16367
4408847522
16367
394
414213753
82386
394
6612924062
394
481
10979117014
9348489364
5517309273
81373
414137607
309469363
13777084548
16367
16367
3736911564
16367
1097718907
7472443083
5517312919
16367
394
76664
16367
394
18601919126
101313134
16367
16367
101288511
16367
72820
2204751928
5586581690
2204769073
18601809155
309459293
394
4408802750
16367
1023
11205781172
16367
78539
394
5517341328
519646531
83552
16367
82362
7472447494
78850
394
394
1097725413
3295785934
78811
83349
16367
16367
6612902150
76891
76602
394
3295790736
394
1861452794
81411
394
10979099087
474
1097718458
78527
4408821951
16367
394
8130404336
85069
11205811593
357
16367
519503470
519562625
82535
3295810646
1023
394
6612881664
16367
1097721498
622583459
1004
394
1097718771
1564
1023
394
16367
394
7472497012
80290
3295805067
7472433981
16367
7472407129
3736884717
1023
4408805496
394
472
394
394
101312610
2204769427
1023
953
519741246
80660
622782703
84602
16367
16367
394
80056
394
9348434673
2204767878
205279942
7472406660
16367
767421499
5586519223
1861492653
16367
72862
1271
81565
473
78744
83653
10979067990
83239
394
2204766217
16367
78812
414105204
394
16367
394
4408826087
205329780
519642005
5517304175
394
6612922874
18601786402
72980
13777120382
8130440084
309420680
16367
2258697532
394
394
394
6612923334
1861432064
1097727183
80667
3736830894
622794133
205366088
1327
73001
394
76765
16367
80218
622864988
9348424564
101318713
13777201257
84770
519440120
16367
519572778
85008
11205884487
10979077035
9348508801
18601952865
5517335839
82486
3295805906
13777080246
1861450325
767167945
78830
101288395
519766180
16367
101364450
81726
81378
1040048977
394
9348512339
6612922179
11205817070
394
414022439
8130399381
1023
16367
394
1039912808
2204760066
394
622612980
11205800070
81905
101334993
4125
8130418486
13777090419
16367
767137633
394
116763
8130379990
16367
1097719142
3736894839
5586562634
1039923512
414088588
394
2749
1097701562
482
80557
309430263
8130411526
205254346
6612932161
10979089946
3824587304
394
16367
519713202
469
11205793276
82452
394
84733
16367
622644966
81469
16367
4076
16367
622712572
83131
76763
3736893211
16367
10979067275
1047
16367
18601838473
394
73235
16367
16367
622805730
394
16250
236
661240583
131156405
899
114763231
374575212
82158913
248975780
16250
218282338
16250
16250
236
124848442
580195731
43349904
16250
82148734
236
248952220
16250
16250
494930753
118827518
434418553
4191
163690153
236
236
163666938
118838507
248930892
16250
218277953
16250
16250
118827536
114750401
16250
381392780
16250
651810552
236
328253481
82151793
743220686
248922864
236
16250
131163601
494920901
743275424
494907495
328257087
434420341
328252287
651831399
651811254
434418791
16250
82142363
114746749
661225250
163672338
133643848
16250
118838385
236
661232596
236
236
163681081
16250
125900013
16250
925
661195343
236
16250
334226587
16250
82153173
43354711
16250
374612983
16250
236
218277996
248944992
43375381
218292633
118831190
236
117
236
236
180
891
180
114753974
16250
131168668
123617487
16250
426
236
133585618
580182096
580173551
434414992
43361295
43359594
434427299
743216495
236
580196786
114749973
661214332
123624895
16250
374586827
236
133648580
494907563
651806379
925
236
580180150
133593134
16250
16250
3009
123643659
131177605
16250
16250
494890627
236
651786921
133679851
236
743312837
218287353
236
236
163676167
4661329595
16367
8279205239
236
16367
1086993225
1087049637
236
236
783411814
624397310
2890542574
236
16367
16367
624371662
5421233467
3730658046
3358430683
243593867
4337795939
6450439826
4661320536
7496223200
22106385042
16367
16984287762
482392057
236
1278882775
7494655442
236
1087072439
4661325524
16367
7123581743
236
1151034201
5421811886
16367
1151037781
4661313357
5420646394
16367
16367
482442085
7497114762
4338015463
236
3730630550
236
236
624353768
1151032236
3359546417
236
190473554
1198020923
16367
16367
236
236
482388685
236
4337480853
236
8280434796
16367
7498069022
6450450302
236
1198035549
236
236
1151039298
624217451
4334955824
6450344368
1337479654
16367
16367
236
3359186296
1528199261
7495277246
236
16367
236
1197956065
4338479765
5421160051
1337457526
236
783307056
16367
16367
2890553148
16367
236
16367
3359173946
16367
236
2890542625
8278833532
236
190460261
16367
1087013639
16367
7123575058
1471563946
16367
190457109
114591205
1337043561
236
16367
16367
1197948642
236
1086983796
236
6450434523
3730665343
7123560369
236
16367
3730649781
783390161
7123578858
2890558698
1337714790
624334395
2890539851
5421232213
482328240
6450440420
236
1337183551
3358697693
783369917
9487948630
8278990108
3730663211
16367
16367
16367
16367
482456918
585100935
8035068142
534162416
16367
236
236
8056683183
9638668853
16367
720377880
1803855930
1817465775
1066829138
16367
1279837714
1601787849
2373292455
1066860275
12059366859
238977286
16367
1066645394
1066817076
236
5679406600
8056702025
16367
16367
16367
1601934849
7105741716
239044779
9638682706
959477097
3200381571
239012089
236
1817404382
5679383521
1062360197
236
4734122969
16367
4029266846
236
4734124265
236
13673448643
16367
16367
16367
4734151564
16367
7232731511
7232766206
236
1817362302
1803860052
16367
13673482414
16367
2373296477
4029307495
16367
236
1803867635
12059321521
1803867134
236
236
236
1062353952
1817524012
236
8035056097
236
1279793477
2373300613
1279934450
3200373679
720481133
959683252
236
1803864023
16367
4029272263
16367
236
4734132398
4260931952
534143398
236
1062361945
16367
5679421357
12059354316
13673411703
236
959478443
236
1062376986
236
7232791320
12059349963
1817423861
236
236
16367
1601863050
236
8035069764
16367
236
16367
720373477
236
236
8056685496
7232807431
1279706615
4260965619
4260975777
4734146013
2373289906
239011194
9638639762
16367
236
1601831907
720429419
236
5433462576
236
16367
16367
3200382668
8056716963
1062389430
3200378024
7105720435
4029292081
16367
16367
236
16367
534250005
16367
236
7105750285
534147193
1279814904
236
7105712834
236
2373303556
16367
4029282108
1066922053
16367
534157856
236
16367
7105728619
959446092
3200378804
16367
13673583092
9638641269
236
16367
236
1601885198
238924264
16367
8056706794
4260951824
5679396762
959474552
9638698460
5433469805
236
16367
5433444349
720523134
7232749671
4260947818
12059367989
5433439895
16367
16367
16367
236
236
8035056340
5679417082
16367
236
16367
8035100761
13673488931
5433458673
1240586464
1335405436
16352
236
785017987
2885708541
1026047269
16304
236
891843229
2203224361
1954581368
16370
5140886452
236
236
5733806377
16370
16316
236
2879412424
3495052357
1079299654
2115870954
16339
899425992
2145850658
1234988417
2028340371
1192429558
2403513443
236
1991505298
236
236
236
16367
5637624324
16367
4890519812
3046308694
236
3285389875
2115749333
885713539
15037511664
6732808689
236
4644077071
806139973
644597609
2879568102
278660784
5780056351
16339
675404250
236
313632785
275102863
16367
1304078496
4632627444
236
2656619059
16365
751507334
1208747638
236
1917408791
236
4253595487
15039204634
16348
270379275
4888050185
822142507
16313
16339
15038019294
3415601953
3495055601
16312
9347115004
236
4754976366
236
16337
1945920005
236
16340
685098640
16350
16366
16300
638027447
1234817757
16342
16357
2184604370
5216924181
6630235232
16341
16368
5720748431
3696339256
236
236
16361
6752913883
2115978929
3562535444
236
236
1218339486
236
811180318
273944357
3130126602
276240856
236
651073089
277862263
899531492
16324
16370
16304
629932132
236
292956219
9347175920
236
5487651328
236
9642674612
3401277808
236
236
2405411842
267153461
843571912
236
16340
236
236
599058157
3401285599
606988196
236
276180527
4443874592
236
236
1779888289
277602270
236
2092042371
804565436
283828441
3984560480
236
7155220112
2049509800
3796818212
2599101262
5300387304
16315
9347140702
611700769
4287132101
2007527661
236
4142764699
1346123601
16324
3495056996
16335
7694269576
876307579
236
16369
1956205966
270871559
1210706910
15038140850
236
16345
16364
236
16320
16350
16367
16312
16367
2065669284
15037689457
737452217
9347140374
2900750316
2115709681
16330
892736167
9642674589
1346300099
4385304837
16367
4203412861
1263186660
16299
660558410
771788596
5260808173
9347140029
236
6461547700
16367
4640642336
1242234527
16294
314083992
1353512703
16352
16339
16322
1944884084
2115641408
2966400580
4177618921
3322928335
236
2368723305
16333
2057549051
993931795
2909064690
16367
6791010814
1166647100
16344
284547544
15037956379
677035751
16372
1933624717
649621904
16324
1918346381
16337
16357
5644767830
2593583901
6686345573
16383
236
5940767201
16347
873497663
4108265165
6250340239
4194199911
16317
3398900086
1213
4026064804
236
284461617
5844165739
236
252772662
3042934961
16336
892343487
1482456371
1086532054
5637512090
5055152400
294268517
5998630282
16329
236
602757884
862410764
236
277784944
610732680
16348
829733147
236
16309
9002087813
236
885764459
4774827337
16316
3628998874
236
662557887
236
4003169040
4353656409
3824825829
16362
236
444998232
902153682
236
15037959668
2658143922
236
236
16333
16317
16384
16352
236
7167678629
1358685520
5665757337
1337397724
6451800070
16341
16314
16328
2001949552
236
3338900037
2141489369
822022635
806161624
6751990421
1479945567
5336705291
236
15036949333
16337
16315
236
10554617814
16390
16366
2716231068
5998673870
3275487898
16328
15037298467
472
4659554612
236
236
9347132679
16363
6461892302
604538371
2541282612
16321
822158504
236
276133611
6446725349
847994905
236
1384101513
236
236
4026049644
2115830002
236
16383
236
236
255067643
1199808224
1075075516
16373
279846082
4261539042
16384
990504363
236
5050212923
690704831
16367
4084271774
2115680778
5483980437
2233936592
16367
15037735208
236
9347147571
1195795868
16335
16308
16367
2115562140
9347124302
3887911006
236
5782007663
1103304322
16370
236
16335
3195456244
236
2701945461
6558799342
236
6136315745
2664163779
236
16336
4199145320
16343
632028160
9347155903
1974258793
675518101
16333
16357
3230864769
5487792211
16345
270134946
236
4002236523
9347126429
4684124369
236
236
15038666567
599562530
5276638817
236
907710014
236
236
16367
278070463
2385438241
1500255842
3710002457
2115800738
236
16367
236
6609221741
16367
15037455028
5140713731
236
236
4274564094
1191846883
16357
782189653
236
908475643
4127681186
2115733874
253452144
608681729
289965888
236
2256840214
5637467361
236
236
565128779
1975332165
236
806152717
236
2644199206
6408239241
16367
1213981504
4127652216
2115729644
1226793377
1789479074
236
2658153244
608754766
5992133406
1362199423
4072660127
16329
236
236
16360
4753942259
16299
16339
236
236
690210069
3401287537
16370
1245933111
236
1741018344
1285642791
313617403
236
1285475610
16334
3588679534
236
236
236
9347125168
9347140135
16342
236
2115693251
4153759003
4274393286
5598220352
293758262
236
1920601180
6630387617
612576173
296443281
3195405733
1493001336
