123822720393
0
0
0
0
149782851114
15715717264
19489140306
12909285019
14264991099
181428204
157446055108
342783299032
6639198
466256751810
125051350197
35342859799
106526028602
373394360803
270465549443
482588097486
251835667836
171040504692
505132191028
100373454866
231379929488
211072752645
216123870973
218048437320
38041959564
31451276992
50130148658
50129818040
316938163
33513743269
49882397184
494415669
438511463
31451273375
23764144677
438538856
52068135238
45384974010
612091863204
319734444911
144754060432
56082500831
34232338257
81407144292
95421928584
75696415333
1921646453
160247486668
159189963012
64107902789
1
138055823248
521472764
64466868740
53148831246
56199610901
156639916144
40660210459
33305562698
354559931
95268176606
