1548
84988
36108
456235
5127256
80972
101986468
3465939
148010218
9227
55379973
20
62708008
8984
20
70809958
83152949
2631496
139029
8933
8634
61272849
20
9089
20
256650841
143962740
11856738
74907874
20
109414800
18897599
80638614
8574
2704205
31227602
61897232
2533675315
198096612
2658472
2352191
333233996
46658806
1839313229
9011
67567908
1832269149
56597591
297462
89581120
64503077
30197536
39515298
131578
53329961
101559639
2290315093
138842225
77022868
2741425839
1878449069
132661128
105608587
2233215
202406736
94277546
68483000
2251427239
526
20
9090
20
2643236
8684
20
20
799522
64987608
11282134
20
79131219
9093
1575795751
126229754
1648829
8965
9276
65245592
773985859
47671288
2319511135
2224428565
3556897
62160451
74612750
10019252721
2033365
20
1969849767
1030897768
127576455
35803754
20
88228352
3397078399
103452730
1894743
41053975
20
145652278
54009857
154386233
208043092
68299
1638480
9032
20
293514593
8248
1923434
20
360033597
2319994
2321542
0
22305450
8686
54091653
20
2399091298
20
94709648
3066113335
66690763
114207459
8326
14032785
2210879699
8870
1942297
11790030906
9066
20
315864949471
314577160448
316173962292
169616
4989856511
4021066916
5934018773
5781263505
3920352102
6297149114
4519833865
3892453156
1358
2818048353
1254
5543167158
5193566535
4598109753
3835886639
7097624504
4277706731
3812657898
3972318608
342036514
4576758020
1358
4929690513
771
117837017
3188869595
3726780337
219758751
85137547
3999073860
4362735797
4639391326
6055412001
5325839795
4540466755
1254
4010911678
4155062029
882
2711
1034
5929465357
8323195509
7017020720
1026
771
1358
275531648
3100502712
681319541
4835421229
5621179099
324610486
76347829
144476881
5546671762
5750642430
1026
1358
5766919617
4330495201
1026
1254
5440634876
5522547334
5234654938
1340
1034
1358
1254
5891788549
5992238217
4777360179
5691805993
5040481466
6249195612
828695260
1358
1254
5513411621
1358
4865886685
4053177801
4694297698
1254
1358
4829933245
1254
1026
4375783228
2726315267
3607918438
338885807
558460256
882
5369795822
4993863740
5449241902
4770441706
4572657377
7459520903
3347991485
1340
1655248434
4570143993
3943014050
1358
3943456079
1254
1624
4676341661
1026
4413652535
5800076098
5697279193
1340
5092127181
3250192456
1358
3091268893
1972
4341577615
5016221388
682069499
1340
1340
1026
3601399806
1034
4377522220
4932146911
1358
5606625175
1358
1682895536
882
5711999561
1358
4246296037
1358
3851963304
4240891581
4567363583
1358
5471741915
5330162511
1034
179758869
4783981075
6621380716
5689529676
5867174184
1254
3707380438
216916738
3874460927
1358
7242213734
4080735752
1340
1034
5773325230
4127731542
2675
1358
3741077711
5500835813
7038187710
3995204242
1026
5253514861
5782136011
4490006975
882
1034
2543332789
1358
4300198336
1358
2674228091
5930838716
4533026181
4778173693
771
5548870835
5644229600
1358
3508232038
707585721
4628668271
1034
2093736390
280995424
5142245734
5757115593
1340
4568539167
4486666254
4500218896
1340
1340
6114500337
4692111311
4234429011
1358
144376629
71203348
1034
6043513713
4972453514
1340
4907657385
4918181503
4461457608
1340
7166954101
2165228593
3749920844
882
1358
5447202522
3537756564
1358
5123332374
4596497466
176575963
5644036700
1254
4993872190
1372
1026
882
3872735730
4460056882
257591888
1034
6584716437
4032123886
1340
576267806
4543087139
3494380779
1254
5455716903
4669797640
4966543330
3299809455
1358
3406834508
5686767236
5063015804
1958
4617778509
4007295876
1358
6741376007
4457085761
4552692491
1340
771
3793982533
5431899926
771
5152998559
1305440809
5667827402
5470328092
1254
4853015404
5528169618
4510793554
3594938963
5089750367
2719
6759136193
3319943865
1340
4072697393
6431044944
5798407886
1254
1358
4426240919
3806160857
5314222984
1026
4769848521
1340
3880960979
223594785
5031997263
5416983813
5643920028
1254
1254
4651517278
4414606263
1340
2474
1026
4884361195
1358
1358
4400743868
1358
4861455539
4251901454
882
3612309312
62748451
3985143982
351506059
6593375613
1034
1358
771
5550107345
882
175738610
5377533724
5182725303
1358
1358
1026
1358
1358
4570727582
5052479405
6401812096
4753916721
1034
5631693333
1340
280714288
1034
4076119683
4873547029
4432935725
275623507
1358
4495457610
1254
3623379773
882
771
5457735371
4591713945
1358
3189674361
5510619089
4453119522
1340
1026
4419263853
11513
24381
24275
83420
1142
297
47
22563
1760
656
18566
1232
6351
3530
16253
24093
18571
50661
0
50
0
16
0
0
50
0
16
0
0
1048576
1048576
16
0
0
50
0
16
0
0
1048576
1048576
16
0
0
50
0
16
0
0
50
0
16
0
0
14343
50
16
0
272
0
50
0
16
0
0
50
0
16
0
0
1048576
1048576
16
0
0
50
0
16
0
0
50
0
16
0
0
50
0
16
0
0
50
0
16
0
0
50
0
16
0
0
50
0
16
0
0
50
0
16
0
0
50
0
16
0
0
50
0
16
0
0
50
0
16
0
0
50
0
16
0
0
50
0
16
0
0
50
0
16
0
0
50
0
16
0
0
0
340
544
272
0
289
0
544
544
816
544
0
272
272
544
544
0
0
544
544
272
544
272
544
544
272
272
289
272
544
272
272
0
816
272
0
0
175474
18567
472
16
0
544
0
50
0
16
0
680
680
680
680
680
680
680
272
680
680
0
680
680
143965
694007
302
145185
143525
16
0
143785
0
50
0
16
0
0
50
0
16
0
0
50
0
16
0
50
0
16
0
0
0
50
0
16
0
272
544
544
0
0
544
272
544
0
0
544
544
0
170
272
272
272
544
544
272
0
0
544
544
544
544
544
272
0
544
0
272
272
544
0
544
544
272
544
544
272
272
272
544
0
0
0
0
544
272
544
0
544
272
272
544
272
544
578
0
544
544
544
0
544
0
544
0
0
0
544
0
16246
190649
250
51806
47854
16
0
544
0
50
0
16
0
0
1048576
1048576
16
0
0
50
0
16
0
0
50
0
16
0
0
50
0
16
0
0
50
0
16
0
0
1048576
1048576
16
0
50
0
16
0
0
0
1048576
1048576
16
0
0
50
0
16
0
0
50
0
16
0
0
1048576
1048576
16
0
0
1048576
1048576
16
0
17760
4142
13450
21700
558
2304
1067
1124
1676
1440
1187
608
2094
14148
3001
215
876
914
625
36
383
17888
12770
1110
1139
423
2515
288
3321
64
1607
143
3234
73
172
217
172
159
172
3327
1638
3610
478
1348
424
4927
1579
896
544
189
41
41
41
41
804
478
291
1087
164
248
152
180
6060
782
844
304
647
1506
523
528
155
1112
21274
96
500
1435
485
129
115
235
1581
12618
1517
1686
215
335
227
544
650
70
74
5412
50
148
2712
265
23
240
600
36
4058
36
36
78100761529
36
36
79818834162
36
733
5504
36
36
81990483762
36
36
79706572578
80327557920
77911431741
36
78966313055
36
80232152044
78402128496
78487657711
773
36
80007793999
36
5504
78985333175
78833847148
36
36
79897848068
81029963886
78391582123
92846
181016084
42160718
835
145080203
120704855
135871599
147343604
108752463
141994322
115308375
115127129
165785395
161794422
170951760
126478533
109171924
176731526
154738433
135545751
128707860
175702149
167027718
173340772
4244236
141476455
37310852
122809753
4197011
165878197
174312418
127186549
134134993
140926413
169410567
156791321
998
4163756
1931536
101304821
198
158213419
1360239
198
198
2111186
189299780
199
408438
198
2210896
1502
198
199
199
1416994
2003644
199
2606249
1551639
199
198
413199
153822972
176577910
35076713
197
87406286
186635885
660952
2330156
198
162220753
198
195
1420874
3054946
161282072
1323037
193474830
2333951
198
1566164
4129515
79937213
199
1694895
158476545
1389529
2111782
1699104
101742933
174056488
169922634
4183021
77655438
178984566
60403721
1934029
2060815
2247405
198
156840064
166571044
84722492
1559786
173973658
163077738
3057177
457889
175187357
139111195
1615376
465439
90136887
180708784
3961918
2628360
177132232
1537039
2598927
198
101657402
162750783
179718115
92405629
1537856
199
98319765
4166198
162809471
195838282
62788199
198
102323533
198
162663158
156472624
2619367
198
170297721
33675218
2196328
1436528
1630370
1568590
169005256
178805840
184452042
664036
104649087
3962499
2280318
168003219
145276083
14586794
140192446
157650485
148715951
337
109991447
150898110
126902557
1407647
12545680
1441321
131743605
369
114749477
7227087
699596
675579
258
195
158542254
149088650
493617
6608713
198
145802466
499774
162304146
87984732
196430952
133866577
162956162
164142876
192823978
135631889
130881797
136809031
144118166
176272196
187421147
191753895
186042713
174615626
138113606
214161232
205125127
154905539
194115445
205685566
204455374
144542925
1005
214630351
153682263
836
6987587
146705045
86107824
7644896
183614811
185804313
204406675
175977575
193384839
12547578
797322
777800
198
96835523
764033
671639
92586207
198
100306146
128756500
379
116737336
776344
675188
1115512
12381511
95002632
113257347
125688008
198
198
1124904
53091925
120859804
108200691
87150343
123049575
115904426
119947787
130866687
117900984
125328125
102702122
104779611
91979235
95365207
125118664
884
99446225
101009218
103440932
152154470
113381395
123718019
744
157672543
4809233
49322187
117979958
4769255
108741501
120574458
126061693
128084210
136142694
197
45052561
40012649
124051499
73054330
38479214
38685844
36703279
454128
369378
1820307
56050835
55913743
129395549
1125943
470384
80347081
549573
309579
198
53358611
598469
1591157
63109073
628913
508159
70815908
426684
198
127105793
52702052
486437
197
65782631
1190020
195
111850678
198
50620960
197
1562843
105944214
319843
349618
84147513
429190
3752918
296110
123164348
198
1321
198
130246671
198
1818573
348481
103464956
198
195
198
366854
100522506
41007432
1576041
195
475829
198
1264889
199
472443
51661524
59714885
75435806
134405166
1102678
547091
1202761
72865257
198
1526467
506430
115157535
198
1584543
44977683
1265464
443090
111145027
316532
124260322
53408318
588569
63154002
50950157
35187072
628263
119666447
198
3783321
129266663
198
1584888
92310210
198
106054852
198
120116713
117853942
96565708
127052240
124841668
125845152
137664430
998
119092845
47721306
1071
109092883
823572
112755897
856115
130937807
1422790
143978589
134757086
111953118
135069167
122495068
137864877
124302684
175799650
105430086
122654454
172185399
774696
181096454
165855315
198
113719168
841005
6534662
750712
198
1401751
50579155
90426897
115901400
100845254
144843331
6647033
857060
104621659
108002188
108706993
167302193
128810419
159336487
109867558
128186113
57021448
245019267
212529025
158281451
139211628
146024471
175767794
81105874
152444089
76869131
101004133
146963430
98515488
43941315
78607658
151493171
44083159
1053
154044823
204
177103939
176061577
126298583
210720312
176264529
208296774
154636203
100983223
10399252
56727009
217374824
9710805
244341741
156836527
79453154
139950943
97079440
20656982
1049
404789903
149568341
74183270
104584625
41133200
32042319
177828681
139534026
184181782
67327018
106422513
181849322
136374876
146619561
32621938
315699782
42013509
75488451
191202607
205
151353117
322383582
77307187
118922084
21393935
180884089
415438445
149777662
79569093
66022205
123886015
19903068
21137219
143116533
137954726
187401301
169173033
86213882
179713584
192541583
152540676
135712566
192766845
254153231
155557372
116539397
250445613
216645227
81100714
263
170562742
134279296
172734647
174571818
159065942
770
115014751
147047578
8231228
8766637
133217565
252708485
85078517
220320275
78302892
137359312
11535612
179803923
159801287
173853666
428
159885407
10059893
159609698
146758293
169209907
253386119
205587558
140344446
81676817
49077780
301242859
110981161
246581758
109615567
300866997
50130392
367063387
120734375
82248038
352117245
355496657
152819255
94703740
85829134
148089139
138270227
28872524
27924027
85433217
164377703
151259419
151029630
11904857
211660497
368998216
246193546
140663309
11148406
164730441
204
92280591
114372458
140953445
1053
40761288
611564575
301674880
531852940
292
176659242
3567159748
316
1973629316
601547020
176659242
3480229104
338641733
3567159748
12686435
64834542
3480229104
543948486
32501270
12945329
1973629316
66418912
14116020
537812162
306833230
201
370665681
8137610
1104
711860489
606262035
5220312
201
617566693
6977143
330406571
7642040
616856777
201
6010414
631628559
677018284
531116910
2399828
465694162
727422900
202
680003327
8081392
583277690
198
202
5405366
10690387
7095146
199
613326179
5200973
15813956
263857515
4640893
9173901
202
309318521
622895446
201
615476310
17807519
7582191
7530131
6447734
703668973
199
201
11899443
541074085
5818666
728362402
537428780
202
14294539
202
11035686
671126855
547001010
6865512
332216669
202
15971611
581916893
258622244
465819656
9873576
289077191
631982730
4901144
6496175
7032793
201
587303340
2119084
541378032
202
12792906
6575571
35535718
780780581
544065793
247
495091623
14562594
260
850948665
29782107
14573066
1066186813
686368067
684914986
749482621
675249694
908614634
628994709
423632423
819797176
843676054
766977313
748198158
610418551
660
709563397
647470086
457418809
944787771
851346056
71290842
791
778341235
575408308
72683850
503058862
471955650
771815428
824365116
564999041
16379
18949
1705435
186
2024797
199
479979420
486
140129302
696960
27562498
431510465
537208618
356048357
515328589
491
760432
622389951
388973956
410422375
31678129
460061158
545951993
481943449
34649550
108110260
35700516
193
577362015
521133419
136764938
378958869
487783975
2200073
7863780
4124266
198
1976325
201639390
200
201
201
6697556
202
3614054
571489357
1878964
2117859
4409347
198
494391517
303421438
6057456
3292722
198
202
431263258
1703106
15452596
514249255
8669975
199
2473927
493510684
7095050
331629919
429215411
201
5093914
268396845
200
568890060
493171908
513040461
214013851
3686692
195245007
4883028
6356737
862
3322046
221377281
117257298
488682346
5702509
3647792
245516889
451060968
201
455083604
574162158
17920786
229866668
873606703
438521678
456996228
1912824
441527653
390619306
3750080
424243606
419544170
201
3301584
552832
711
522490492
201
287585266
436602585
200
463389037
549
1616568
496103544
481636963
5169023
453542272
189
519872019
4096771
56617070
4596238
258858332
438614
736595449
471504105
439361335
467567114
57336678
2877627
526439464
486490909
36123495
601526382
300098729
529234796
160264842
3581639142
1974448114
588890357
160264842
292
3482113302
331958947
3581639142
12798220
65763594
3482113302
542794200
29053890
12825451
316
1974448114
67370694
13965033
529168995
298933993
357400322
201
201
201
7981109
683406136
594526915
202
5006963
597164648
6878217
323262069
7455388
597608261
5784054
621179256
656103332
515741964
2359782
202
459946997
702427034
656475311
7903268
574126551
5228535
10690644
7045327
595350908
5088234
15638217
258998858
202
4506093
202
8854068
298984591
604369422
599604236
17299409
7399562
7229315
6387804
680385800
11697005
520955648
5839750
703913175
529261404
13880472
202
10664061
201
648936238
539882268
6814769
321267784
202
201
202
198
199
15538087
570976191
255719926
201
455688003
9666230
199
283793551
619970524
4806038
6407004
6851345
577082224
2115621
1104
534991517
12621078
6417651
32912821
775856699
247
532244936
491524707
260
14629228
834653034
27957945
14352545
1057391325
671000728
680956447
736103365
673244651
888243670
618725545
422193066
815263207
838148032
748574278
744955603
791
606871102
699070652
646820211
455705107
921473952
660
836960828
71522550
777371382
574748516
71976631
493132466
463465776
769607849
807856892
541269288
17621
20597
1666973
186
1952411
199
466848592
131880197
634144
27032409
423888769
526682008
349961052
511973222
491
674443
603449424
388210259
396187017
193
30386717
456477876
539679583
479989930
34373171
102202955
486
34770686
563800190
507485504
201
133519887
368676425
476466930
198
2166758
7746910
3949131
1952495
199070301
201
6520537
3464086
551643069
1797813
2058769
198
4371990
862
476298644
294876915
200
200
6017632
198
3019116
426741616
201
1654524
15247752
496663427
8368455
2392636
484693955
6824617
328744906
421456173
5019216
265243676
202
545453171
199
468700207
505490907
211494879
3596919
192938877
4755958
201
6228492
3239953
214802688
116420352
474988037
5506229
3488014
202
237964841
443755156
413658212
554216062
17331502
222659422
857785978
439926385
189
451050861
1878933
440066251
387803328
3745188
424075278
419621124
3189348
660420
508433270
283643316
201
437235227
463775372
1607213
485682676
474894586
201
4824281
449866813
513303679
711
4036605
57786681
4379535
258906613
520024
733346863
200
464040197
426876738
461294857
57301987
549
2834577
509865280
481896714
38026696
609425421
298929463
526297490
0
0
166734724
3588052036
1984481296
316
597007438
0
166734724
3496355686
337248089
3588052036
292
11453919
59529736
3496355686
539773229
30017292
11686213
1984481296
60984546
13796041
522046081
299004291
358189900
7904483
685933195
0
588012139
5075135
201
599454585
6811385
202
319280814
202
7429213
601485298
5845067
0
201
613947713
657999197
517502249
2382257
452933826
704313256
659524330
7886712
566524061
0
5256426
10517496
6921916
599994201
5073406
0
15325308
255543625
4512182
8910660
299677855
606813105
1104
592499112
17244206
7392006
7322573
6393794
201
683096200
11708520
523190699
0
5733832
707105149
523531216
202
14008472
199
10780741
652956200
0
532535767
6678073
322792522
0
202
0
199
201
202
15629155
565063324
202
201
0
0
249396149
450749086
9642121
279874003
0
612252415
4758824
198
6387568
6956281
0
571145362
2100723
0
0
202
0
0
529786207
12535705
6394135
201
33595234
772578143
540340283
0
0
489266633
247
13090753
847892719
27948697
13102213
260
1057228273
0
678051172
673713867
0
743863854
667398965
897670582
791
625757576
418320617
808619011
830158982
660
0
0
755266550
738527070
603097620
0
706579836
641500093
452204962
930470639
0
845816123
0
69027347
769472249
570360219
70528059
498974185
0
467862831
0
0
0
762640367
816380186
544214340
0
18680
21384
199
186
1656749
1972120
462304727
135361586
628995
26408077
428188706
533350996
0
347769278
509096629
0
0
686188
609639319
385317126
400242250
0
193
30352304
0
452780201
535264845
477280586
32139482
0
103637229
33064914
486
571198609
0
512633292
491
0
133731856
372233245
472125373
0
2158707
7683518
4005108
0
0
1952394
197743085
6546205
3503939
556729960
201
1840008
202
2088909
4361551
200
481017145
297841418
5928287
3166469
0
202
422789724
198
1665635
15002191
201
0
501563305
8478564
2429564
479996331
6866691
325165070
417279308
4992453
262669695
201
0
201
550229316
478381355
497416509
208494471
0
3573504
191037466
4806118
0
0
6143433
3214021
862
198
217119075
113378443
0
480026424
5573774
3557776
198
239597594
439494368
200
435157344
557857757
0
17415109
225906216
199
862980999
434724097
445695377
1906115
435059807
201
380847546
3674322
419688702
189
415016092
3280265
633977
0
511885697
285771066
432084311
458172942
711
0
1580655
489634462
478255978
4975230
0
443834429
0
201
0
516864052
0
0
4044185
51252702
4428150
255760455
493278
0
724887168
0
468071397
429450087
464805605
51756934
2857577
549
513363301
200
485236089
0
0
47361408
617440083
301460817
531342468
199928382
3534364536
292
1961776754
609924144
199928382
3462163638
343238698
3534364536
316
11559403
59270664
3462163638
542295588
37615514
12004506
1961776754
60719094
14220941
541258109
319908548
1104
381450170
202
201
8203623
201
202
733636469
611883840
5326023
631782173
7061876
334159214
7725887
629458576
6184839
201
635560943
199
693934620
543101331
2494194
468022989
743908405
696363536
8293881
586991044
5518668
10814948
7153024
624396840
5284893
15911093
265690523
4679339
202
9381875
316575623
637384919
622661463
18162570
201
7852599
7766812
198
199
6555239
721656247
12227526
556563920
5922749
744659676
539495988
14575451
201
11321209
687144660
549977161
6827941
339973897
202
202
16332128
585861259
201
265026371
471310055
9990810
290523166
636294094
4913604
6691200
7250689
591838937
2170219
202
542831581
12846257
6668769
202
39596833
781281454
260
551866120
247
495813254
13115233
860840302
32681477
13355620
1059923879
692089929
683838071
753750342
671367599
916946930
660
632161149
422553242
816746729
841361828
776617123
744685476
609077142
711946727
643121873
455219605
954962928
856325180
67979601
776042093
571995822
69894704
506309556
476183511
791
767278657
829942574
586973462
17925
21152
199
1741505
2111404
186
489176244
149841468
723849
27984633
433706782
541617161
486
358125891
514039042
491
806675
634009978
386853249
419688454
32920991
459917227
546991875
193
481003419
32063187
115819139
33506362
583005918
528115665
141908165
385028371
494443073
2219269
202
7921274
4235223
198
1980292
201995941
200
6793780
3642662
587852680
1921209
2161348
4527034
508827913
201
309452361
6058923
3344958
201
431319355
199
202
1716552
15539319
527669346
8900626
2535746
498315370
7277221
198
331779865
433445031
5150731
269376432
862
587983031
201
198
498942643
518031439
214955345
3716508
195904779
5096265
6418205
3296080
226052032
119368541
201
496513461
5855132
3624257
251326917
454510306
471469908
591777116
18383007
233950059
200
201
883449223
435348832
459357543
1916346
201
549
440511912
390292239
3728743
422353584
416585994
3418814
572610
531060650
288724052
433440424
458773696
1600555
501491357
483067697
5237864
200
453396335
520864291
4128113
189
50923348
4599092
256539341
711
455306
738558663
474934169
447894506
469567231
52367205
2948649
538288900
488743811
216315885
599512314
275102766
483287673
907141956
3299934086
1833390978
593177847
907141956
3227773620
333751560
294
3299934086
9725143
50668132
3227773620
495472751
151964696
10636092
316
1833390978
51906352
14421539
526019373
520073064
381237804
8361230
201
737862254
1105
591178545
202
5900435
667439195
6776196
310867708
8520249
635222375
7268501
617993659
726009802
567951240
201
3003308
452697859
775299230
692025248
8271130
567484469
5679222
10809760
201
6690987
662677088
5757079
16008806
257534967
4843541
10305844
330958159
669894672
581274781
19722044
7965725
8909899
202
6995617
202
752241238
13117446
585006112
5978372
784214452
506525963
201
14709878
199
12055647
722789995
533718826
7005670
358365019
202
202
198
17859896
541393360
202
202
395400247
199
458146827
9925962
282436316
613609059
4732363
7238670
8322196
574911990
2440630
201
202
531387264
12131825
7130010
166578389
723165385
545958298
260
458865645
11244064
848393714
120987452
249
12119595
1730142113
692446285
630359753
749425291
624286505
912303828
628214960
660
392318648
758327988
776472970
772396086
693416585
569749458
705923436
599433517
422886367
948185487
856541967
61025987
790
1221712731
532776431
65592539
503734266
471817474
717679625
826637248
614178260
19721
24331
199
1694113
2215631
186
473780418
497381518
490
1226108
26184185
418902833
526506840
194
320401291
466534456
1535283
614600047
351354280
401727946
33280380
414070133
486
490533305
438223907
27540704
354037778
30431031
567675083
511270093
862
216386556
401702758
199
477748520
201
2427554
7522475
4613657
2067399
197467165
7011952
4389283
617723738
2110550
2424298
4431680
536407671
327444754
5761813
199
3899860
200
422835212
201
1760989
15415597
554441717
9146965
202
200
3019306
482956848
198
7826930
319536673
420431201
201
5109239
262482628
616844791
493684588
491857657
208490639
3736677
187034646
202
5370699
6422071
3681170
235288581
166729800
201
528798112
6249074
3777636
266120848
439951591
522460672
610522867
19763642
249432114
198
1183479729
549
409724941
445385076
1990940
408442851
376976444
4166013
395023381
391763951
4560674
201
1076133
567249102
290203221
201
405835278
430252390
1552860
499996558
483180317
6925585
443604193
201
190
522560943
711
4978278
42757529
5589092
240680224
813412
905916951
475627710
472452301
472442795
46653377
3615418
568740851
491086664
62140265
640238757
308117155
542703395
254381318
3551515972
293
1971840048
634017434
254381318
3474677310
356329312
316
3551515972
11166982
56419382
3474677310
553555937
48401805
11760386
1971840048
57798162
14496513
198
552295751
345533428
390753926
8342176
752854713
622341780
5516960
655921159
7208664
337769306
8039220
650567591
6406897
199
648172636
718064190
561827412
2594947
477409212
768893453
716099074
8516226
598806695
201
202
5753153
10980190
201
7250018
650266512
5397921
201
16197293
270475161
4773222
9687048
326702545
661156803
630998604
18791114
8056797
8064893
6640182
743762288
12595624
574017030
6019139
772028755
549815986
15052507
11542855
202
713005200
561931806
7008820
351887742
1104
202
16914190
593925100
282953276
201
478901391
10049778
296328088
202
647714294
5049791
6901190
7459112
603976968
201
2226818
202
202
555796582
202
199
13094649
6844428
201
50639983
797827480
573386180
506762356
12942377
892818552
40845356
248
13383897
260
1146135053
718524537
696697237
660
782438026
685138134
951556953
656120699
430521476
833004869
856813616
807019399
760879980
621570670
791
737520493
656185060
463819003
991133075
888953981
67637686
838609897
583924864
70367391
525389531
492720873
783461249
862802823
601067799
15639
18443
1767761
186
2170874
494709995
199
180743909
835432
28437455
449398184
491
562898998
363378172
523849262
486
956189
658243004
394304185
432405720
33799327
468651665
556343760
193
490751465
31557390
138577724
33547149
605864889
548944361
153318941
400366533
198
502704232
2276520
8004573
4322792
200
2022284
206884365
7017102
3747411
200
608810811
1995800
2232682
4531443
527732691
198
321832419
862
6119881
201
3537019
442513964
1749548
15954473
547518970
9139047
2646250
508193069
201
7541039
198
338770778
442206712
5211692
275215788
607317365
201
514217864
526816387
219755880
201
202
3730561
200048289
5190804
6539114
3329140
235577507
199
126969743
518765972
6018318
3696464
202
261766794
463774001
504335653
611492096
19193253
244450865
947976388
711
189
444593898
470221806
1974567
448955069
201
399049678
3852211
431706385
425598070
3631526
643701
555804650
200
300843877
442984635
549
468997858
1627726
521265724
502812400
5627215
464992281
541668629
4337064
49769307
4842040
262681014
511815
778076555
494221958
466327983
487826111
52160361
3073273
561484842
201
507050980
59622410
636452050
305244580
536521428
293
246193504
3559497754
1976627670
628718647
246193504
3477391320
354070634
3559497754
316
11377514
57980706
3477391320
548786139
46318328
12013435
1976627670
59397636
14364383
545049455
202
337821854
387214603
8278673
201
747270436
199
614817185
1104
202
5476822
650458299
7118920
332934330
7944465
646076692
6431012
640812141
711869552
201
557345161
202
2571195
471569320
763798817
711015256
8527296
590982120
5678128
10872334
7224857
645384309
5394749
15966542
267262963
4720472
201
9670580
324180052
655794857
202
622707628
18638091
202
7998854
7982632
6547369
738562986
199
12522562
570109781
5937874
766560692
543276418
201
202
15011692
11591111
707817453
202
554859247
6897012
349515534
201
16849754
586902448
275560411
473385977
10042422
293043726
198
640243955
4963055
6829916
7388000
597088437
2196567
201
549042894
12998567
6747995
48906481
791197178
570204106
248
260
501606657
13076041
889422176
39313927
13565066
1140109569
714668422
690035665
779629643
679976486
947301872
653986699
426628037
791
825622473
849370226
803075232
753843561
615607673
735900305
652080114
460285836
986717627
884834009
660
67790518
828988608
579523523
70807284
523443234
490211971
776939997
858331925
595406661
17454
19895
199
1723479
186
2126434
487539123
176286663
776176
27741839
447350337
560288520
358995627
518885163
891274
654397278
390765175
429319416
491
486
33201413
464157234
193
550257137
486587471
31632375
134507217
33755195
602858595
546311358
149827115
398339291
495983508
2266978
7954025
4292487
201
201
1994771
204708226
7026456
198
199
202
3753703
603639425
1970181
2219568
4464547
522728853
319400715
6116047
3500328
198
201
437778640
202
1728757
15649924
543353288
9116391
2648095
501636216
7456977
335661550
435979909
5168243
271973992
862
601923716
200
506609767
518855759
216812257
3685741
197588620
5132919
6449163
3327622
233669701
123640368
201
515195681
5998893
3650576
259478919
458337339
198
498889023
605307754
18894907
242904303
200
939518975
201
441014138
463726304
1972804
444819825
393896639
3781813
427674608
422180423
3610324
200
602399
549
551537115
299380484
439207851
465458256
1623587
518501304
500099969
5669858
711
459680727
539274719
4274105
50213153
4857575
260561276
476794
768496926
491399931
189
462560553
485564843
52772349
3034053
556166569
201
504477383
57343409
293
622527346
291617239
512911779
236552734
3508964238
1942247510
612784337
236552734
3422587224
344757605
3508964238
11201783
57829356
3422587224
526994344
43595500
11934608
1942247510
59242576
316
13560653
513434323
333237450
199
201
371341861
1104
7853977
201
712569642
577584794
5245493
626466833
6648260
312635951
7695341
202
623080544
6137140
201
603721927
685518354
202
535493176
2466384
444398020
733602982
683382212
8163059
556958654
5453350
10285038
6787525
624374885
5039456
15121838
251500316
4439130
202
9354013
311912493
630462450
580815165
18012045
7577850
7650167
202
6283720
710125600
202
12069176
546665558
5644335
737551052
513558880
14424506
11104334
201
680873575
523249188
6548317
335474801
198
201
16244042
552462469
266119678
202
199
443803406
9434716
275382741
601960200
4671326
6603348
7190757
562874941
2074723
520405117
201
12250810
6330810
202
45374982
757539371
553671060
260
478680722
12629900
866377499
35912568
13220494
247
1122661880
700098472
658972019
763729051
652960712
926203703
660
641228010
409531586
791995794
811708565
782897719
724270487
591744854
722503702
628169696
442533172
962453656
866931940
66824528
804412271
557945091
70716736
513328450
479832828
791
746997137
840783703
569526195
16774
20084
1615970
199
2040870
186
455939062
171460445
193
787177
25816709
438693020
547484863
339139601
497240512
929801
633315139
376323919
413487908
31447489
441420144
522132866
466598241
31232178
128491003
491
33675080
588837346
486
530342727
150011835
386395699
464364493
2190429
7382839
4127499
1928517
194142565
200
862
6705696
3667051
580077711
1933645
202
2178060
198
4265554
198
501236152
198
201
308783599
5713845
201
3335127
415143272
1665189
14829192
522905937
8623648
200
2617722
471822850
7242124
318789345
409001831
202
4860290
257474982
199
576656504
469459676
485772402
204547707
3486686
186921105
4980263
6145109
3186130
225969121
121368001
499309441
5744505
3469565
250434805
431800752
201
463784079
576976052
18302321
235616355
201
915224375
201
424759063
437480756
1933512
425174459
371388430
3591995
409918729
406080225
3491665
575240
534119485
291605427
422560600
448233562
200
1560840
504633614
489754250
5249227
435945661
527697380
4103028
48619008
4465838
249702893
452822
735317795
711
479425627
442709517
474686483
51621798
549
2900942
535693379
189
493429850
201
8863009
7014849
204
65344568
595353472
959176539
745609755
11137875
765392752
90615573
63964288
204
6155691
4244531
832921965
60768279
63878832
11030507
101936333
259
717231290
10481793
1556662
18171126
204
18689979
700797322
12754215
1584679
14853562
742759775
958823904
11153488
678645227
15271855
761642649
204
751899067
103909742
204
12145679
691681537
8000516
7010543
4267423
204
712941742
689987003
204
198
1105
17768669
805184289
204
761102861
9967950
796987122
673221187
204
10840256
773786257
92604679
654490905
9442129
10433510
8051369
1673543
591685720
668385820
198
757487819
10015850
6185161
204
727664193
204
17448637
1683272
204
723018073
13304
5428
6808
6496
126
88
88
88
88
88
1952
176
102
672
88
88
88
88
88
88
88
10934804416
88
88
10655428704
1049
372928
51226643
413032786
4760
161768481
403442173
39028061
403487592
55794115
36196994
165398026
37469719
37980317
160679593
37355348
2707899701
38834472
165121042
2778389075
38408267
402799130
52549763
2751162686
38201725
39550907
162058268
36978139
38056861
50321550
52737827
53511861
56690730
55330484
2613794745
36199875
411142024
52058086
39506190
396244103
163502276
162771121
54562859
57502642
165132305
38220470
57523932
408654578
37417960
2702379755
51049326
39175593
2640981116
400771946
55093936
77815
4935
56696635
54007211
2698273088
2697352954
54951030
156210357
51581754
56665159
51273338
95007553
42910406
97945444
191537354
78772439
80859304
60255555
107593374
104446798
123861552
65516632
127228979
89753314
98383221
69480787
77810369
68516023
117792772
57609604
65652308
82343491
68752861
101978948
183038192
47142124
146812686
122097751
137659440
149445409
109858219
143658712
116920791
116422379
167643120
998
163744313
172970153
128088437
110683018
178795080
156916955
137161914
130035002
177748530
168953359
175347336
4312854
143329557
42828653
124146582
4283086
836
167826616
176351021
128584903
135514977
142532818
171310215
158487429
4198161
1959945
108489207
14726210
159197063
1387789
198
246
993988740
198
2119205
190717098
198
998596280
418607
514859984
2232517
1126296116
205250560
1080194846
1433594
2012802
966978780
1053994070
195
4009984
2628329
1560281
1056503652
916153572
198
1502
424075
154645469
178317626
543422420
35262519
1040025562
87961474
188267643
675635
2322256
3796992
219924510
163499120
1049041344
1413448
3088093
162549567
1340456
195148846
2324369
1574654
4238021
80624755
1723363
159671973
1397575
14173938
232125160
2124178
1725457
198
102556549
175388428
616917072
171277111
198
4320774
477316952
618808592
199
78396627
1023419372
180396890
61026290
1974778
1165408816
2084669
2262163
1000972708
1075061578
158349784
1165408816
1084673794
14960206
167771194
85254930
199
1578738
205250560
198
175080861
616917072
164354715
198
1107237958
3092969
464225
198
176732262
503796664
140216259
1622665
1067097830
471885
90862309
182439082
556771392
416491704
3968681
1144847712
2665107
178503952
1551732
653137852
2620607
198
1007754022
198
198
635707576
102899994
164245962
181438000
1114874360
602294392
93156230
941744394
197
1548376
0
198
99434115
246
1104667800
1002682236
4205165
163782455
949980202
197231829
63435386
527507402
199
110799053
15543152
163860976
157464567
2654637
171677120
33875777
198
2219637
1422625
1642181
1588838
170285432
179984019
954785442
394600926
185942846
676407
199
1104667800
1176722818
105513833
979614262
3966458
2291953
169036435
1134701914
1097722922
1033959658
146333618
15899883
141679101
159435693
150498162
369
110846819
152443925
128173471
1443383
13903096
1495530
337
133301135
115842165
7961947
703807
681324
258
196
198
159632631
149695703
512138
7420362
146475856
522819
163542111
94868199
199747058
135964384
836
165379457
166527722
195750992
137089010
132695898
139697404
145695316
179172074
190375548
194598685
188958870
176411456
140078304
217230436
208533939
157019222
196921453
208391558
207347389
146823802
1006
217552938
155633919
7126590
148466472
93270177
7881600
186055209
188435468
207591808
178553074
196019074
13628436
813908
793095
198
198
198
379
98140189
784868
672991
198
93544155
101736887
130178238
118214220
794646
681818
1163888
13602846
95968687
114673927
127137036
1171305
56776780
120951608
108205455
87230478
123343364
115963757
120247904
130479003
118078625
125724343
102806824
104771392
92147938
95071863
124548438
744
99499197
100705719
103071273
152143685
113583784
123670651
157769435
4786448
53790744
118172792
4760797
1469
108416562
120676490
126314731
128124436
138110437
48967725
40467786
198
125689990
73911437
38896642
197
38994910
37156716
198
471076
370992
1841635
56742243
56743817
130875665
1166473
478579
81189373
564913
318082
53926378
599240
1610919
64053947
646400
514294
71838779
423242
128555465
53297846
501815
66778594
1196916
198
1322
113079053
51170228
1576614
107140095
325223
352219
85136237
198
195
425903
3810923
195
302290
124472829
195
198
197
131940082
1840684
350015
105069588
198
370501
101952070
41368194
1611787
199
472345
1304882
468164
198
52298565
60437209
198
76325986
198
136089977
1132991
566892
1218698
74010943
1563218
198
509565
116504034
1609065
49404413
1311585
460975
112669585
321370
126031234
54118937
198
586960
64002129
198
51537253
35564004
643737
121195191
198
3849770
131136140
1612376
198
98733637
107304542
121552133
119019383
97591348
128267637
126506709
127478992
139038893
120429405
48323133
198
110656421
825235
114346379
875299
198
132366183
1437210
145499619
136219003
113436154
136681014
124012994
139625476
125657072
178335863
1071
106559915
123932120
174366151
800032
998
183720749
198
198
167504761
115764699
840459
6569806
768279
1411330
51379394
97401147
117052094
101927795
146534128
6730083
875919
105752644
109298641
110043618
169384418
130239367
160886004
111322200
936
1724
109
16
167656
36356
688
3444440
6753125
1931
16
1483
16
15643
38202
933496
16
41775
37036
16
38202
0
15408296
568392
36356
688
4523936
15438301
3348
16
1485
16
4191
37319
93000
16
42554
37703
16
16
17086
4523936
41772
3444440
0
16
16
42551
1411
1411
6754
602104
971512
37781
6755939
16
13078
27092097
20
215817
45801
174855
1014
12903
18060994
20
345951
494612
302786
2010
0
87926
4096
10972
72
31
1475352
11048
50799159
109
168145
1087
329261
5639208
109
123395
23357
576
11076
2131
636
19633
12269
579
24024
575
14093
4605
636
19442
12713
569
5424816
19985
530
11403
2708
636
19489
9462
500
16904
40712
24150
571
14360
4682
636
19310
12821
576
23728
575
12683
3322
636
19668
12611
575
16904
1612368
0
16
1432
9787
697640
317425
16
40715
688
37124
688
1612368
323063
1487
16
1487
16
8892
38555
697640
16
40709
37124
16
38555
16
13194
24303996
20
21097847
707360
20034036
3873
0
19001
711599
108
535225
16903
101410
22227623
165676
553752
242104
36356
688
4619824
15067307
2148
16
1483
16
33158
38671
1201584
16
42452
37159
16
1220800
16
42593
5379
0
1413
16
16
38671
1411
0
37661
18549175
16
4619808
42449
498848
36356
688
4843912
18558042
2807
16
1485
16
3431
37325
123784
16
42596
37366
16
4843864
15070068
35169
16
13100
25805614
20
194256
129663
167180
1115
12806
19443932
20
241295
397735
199162
1465
0
132971
876953
2384
19
711599
1724
16901
148945
68
14
59634799
16900
32
32
109
243707
16903
23
24
56259
72
24390
4096
575
14661
4882
636
18971
12948
576
23959
4096
578
12778
3556
636
19656
12619
579
8638
39863
0
4580224
16
1412
469299
16
5455264
7882
16
573456
36356
688
5455312
34612373
4124
16
1483
16
456503
39860
1518104
16
42554
37832
16
1518704
0
1421
708576
42548
37946
132432
36356
688
4580272
15195537
2331
16
1485
16
6261
37820
620024
16
42467
37237
16
34633384
16
42470
15196352
16
13192
35254293
20
440265
28866
375687
2260
12833
17717456
20
333701
475687
270535
1703
0
235830
33715634
10972
5657864
108
1058
8638
1661
146787
6148
108
535225
96678
16900
1408787
24165
568
14256
4612
636
19023
12866
578
23800
576
12641
3366
636
19771
12632
577
40131
7741
1613088
109
126519
56250
40128
38558
612016
16
1432
0
16
71912
6993
688
37124
688
1474856
72467
1487
16
1487
16
6168
38558
612016
16
40122
37124
16
1474856
16
13131
28230830
20
779520
110355
664407
2169
0
4759
875
711599
72
13078
27092097
20
215817
45801
174855
1014
13100
25805614
20
194256
129663
167180
1115
12903
18060994
20
345951
494612
302786
2010
13192
35254293
20
440265
28866
375687
2260
12442
18027838
20
178586
479341
154806
1930
13216
44764160
20
715870
282600
592009
7252
13194
24303996
20
21097847
707360
20034036
3873
12833
17717456
20
333701
475687
270535
1703
13131
28230830
20
779520
110355
664407
2169
12806
19443932
20
241295
397735
199162
1465
78664
20935
568
12572
3338
636
19684
10389
567
16901
711599
1413
42524
16
16
143081
18971383
0
3943
1451472
0
1411
16
4860208
608720
608720
36356
688
4860176
18977357
3284
16
1485
16
1501
36356
688
16
42512
37958
16
1120104
36356
688
5547656
40398338
6878
16
1483
16
132799
39264
1444728
16
42602
38075
16
16
40408715
37958
42608
39300
5547640
16
12442
18027838
20
178586
479341
154806
1930
13216
44764160
20
715870
282600
592009
7252
0
268024
1723
10899
16903
16902
56676
2386
1723
16900
16900
23720
571
12590
3272
636
19611
12615
580
23974
572
12969
3662
636
19668
12617
576
534457
0
4580264
1412
16
7961
16
723384
37952
192520
36356
688
4580280
15195541
2414
16
1483
16
6259
37820
620024
16
42476
37279
16
42455
15196633
16
12832
17717445
20
333701
475690
270535
1705
0
71778
42512
534457
534457
32
4844048
41
23821
573
12616
3398
636
19735
12639
572
68
700393
8418
15212327
558392
42596
5453
16
1411
0
37703
18550468
16
503488
36356
688
4844008
18559710
2874
16
1483
16
3429
37325
123784
16
42599
37408
16
4843960
16
12805
19443934
20
241295
397742
199162
1464
0
65127
4860312
23336
577
11096
2136
636
19651
12273
577
24
534457
42467
18980683
15416168
42554
4524040
484718
8473
18559054
8418
42590
42512
16
16
18972492
0
3949
1411
4860232
608720
608720
36356
688
4860200
18977795
3283
16
1483
16
1499
36356
688
16
42515
37958
16
37958
16
12441
18027822
20
178586
479328
154806
1929
0
71629
4580320
88325
1317361
8418
16
0
15407667
568440
36356
688
4523936
15437443
3350
16
1483
16
4189
37319
93000
16
42548
37745
16
16
4523936
42554
1411
6758
602080
37781
16
12902
18060979
20
345951
494617
302786
2012
0
56526
56146
41
19
5014360
72
101880
513449
10899
101410
24544
574
14701
4889
655
19003
12909
573
25171
574
12667
3397
655
19949
12556
565
152
108
184
12511108
155
21
0
192263
67
12
148104
16
120
16
24
2180
24
152
165722
262
16
262
16
1139
2266
152
16
2289
2180
16
2266
0
2113274
96
2180
24
184
2154540
557
16
263
16
2419
2267
96
16
2324
2265
16
16
1696
184
2289
152
0
16
16
2324
1401
1401
3218
96
152
2267
165640
104333
16
0
13078
27092015
20
215817
45803
174855
1013
12902
18060993
20
345951
494617
302786
2015
16
48944
35945
680
2535736
3122850
1646
16
1431
16
5163
37292
502640
16
40540
36282
16
37292
0
9386322
339200
35945
680
3518608
9489938
2409
16
1432
16
2168
36577
66648
16
41957
36871
16
16
6088
3518608
40543
2535736
0
16
16
41957
1456
1456
3715
339544
516880
37166
3123976
0
22694
39906
108
2201
72
72
10714
5022320
23839492
2613
172012
1454336
32103148
16894
23278
571
13640
4153
655
19300
12026
574
25317
572
12542
3308
655
19915
12600
560
528964
16895
2259890
703263
222
172
16894
4477176
19630
108
579
16
0
24
0
16
1422
290
24
269
16
2201
24
2201
24
24
269
269
16
269
16
281
2201
24
16
2201
2201
16
2201
13991
16
0
13194
24303977
20
21097847
707362
20034036
3878
1570944
0
16
1476
5158
370392
166370
16
40262
680
36704
680
1570944
167480
1434
16
1434
16
4400
37919
370392
16
40256
36704
16
37919
0
1376775
703263
55849
108
16
214
96
24
2180
24
168
299587
263
16
263
16
897
2260
96
16
2289
2180
16
96
16
2317
2218
0
1401
16
16
2260
1401
0
2273
1099319
16
152
2283
96
2180
24
152
1107585
574
16
263
16
1441
2266
96
16
2317
2272
16
152
298995
1438
143025
16
0
13100
25805634
20
194256
129658
167180
1115
12805
19443966
20
241295
397740
199162
1464
440832
21328
35945
680
3411616
7114588
1613
16
1431
16
15328
37749
845968
16
41476
36282
16
845992
16
41960
3415
0
1456
16
16
37746
1456
0
36823
11069861
16
3411616
41479
385952
35945
680
3804376
11194370
2411
16
1432
16
1895
36577
55880
16
41954
36781
16
3804392
7104864
16499
0
35
16
16894
123841
16894
23
192
16
72
703263
152
399420
17638
16894
16894
16
757
2266
0
168
16
1401
1033
16
152
1331
16
24
2180
24
152
57340
263
16
263
16
535
2266
96
16
2275
2180
16
96
0
1401
96
2275
2266
96
2180
24
168
787387
459
16
263
16
710
2260
96
16
2317
2265
16
57260
16
2317
782796
152783
16
0
13192
35254308
20
440265
28866
375687
2256
12832
17717424
20
333701
475691
270535
1701
39305
0
3565984
16
1456
209402
16
4290976
5245
16
245208
35945
680
4290992
14408908
2316
16
1431
16
203718
39308
1482584
16
41990
36823
16
1482776
0
1459
406024
41993
37205
180824
35945
680
3565984
9108667
2105
16
1432
16
3922
37082
304760
16
41674
36742
16
14414428
16
41668
8995417
0
40256
18157963
15499
20669
566
11709
2708
655
19851
10167
536
828489
3945096
22694
148084
16895
24855
572
14158
4516
655
19585
12773
569
25072
572
12414
3177
655
19833
12554
570
1616
16897
24
55375
17638
168
0
107
528964
2201
39561
55515
19499
489
10346
1828
655
19604
8821
429
204
56
15499
16
0
2201
2201
24
16
1422
0
16
269
290
24
2201
24
24
269
269
16
269
16
281
2201
24
16
2201
2201
16
24
3511
16
0
13131
28230840
20
779520
110352
664407
2168
39558
37880
368344
16
1476
0
16
35998
4590
680
36704
680
1447184
36208
1434
16
1434
16
3870
37880
368344
16
39561
36704
16
1447184
0
20228
412
10766
2107
609
18231
9670
409
22625
571
12439
3037
611
19578
11808
574
976
977
14
977
21382
574
12359
3074
611
19275
10979
572
23084
572
13337
3582
611
19556
11929
569
24354
572
10802
2095
655
19980
12153
573
24743
571
13773
4437
655
19732
12695
568
171713
17776
126
768
285
611
8241
6858
126
172042
72
1571280
2618
55410
192261
19630
24
976
20745
516
10832
2054
609
19235
10266
552
21258
574
11797
2546
609
19317
10863
558
16
747
1401
2289
16
16
1219
146646
0
955
96
0
1401
16
152
96
96
2180
24
152
146328
446
16
263
16
278
2180
24
16
2289
2265
16
24
2180
24
152
266642
263
16
263
16
701
2260
96
16
2296
2180
16
16
266371
2265
2296
2260
152
273588
16
0
12441
18027850
20
178586
479329
154806
1931
13216
44764198
20
715870
282600
592009
7243
1458
41909
16
16
64474
11841125
0
3218
1394152
0
1456
16
3889736
433784
433784
35945
680
3889736
12015629
2596
16
1432
16
1447
35945
680
16
42159
37033
16
778448
35945
680
4666968
20386953
4569
16
1431
16
59003
38498
1378504
16
42038
37490
16
16
20280471
37033
42032
38501
4666968
0
11
23
108
2617
703263
2608
16895
22694
107
17776
126
768
285
611
8241
6858
126
19630
579
4853400
20849
543
11628
2553
609
19037
10371
574
23708
574
13430
3763
611
19778
12319
571
12
16
16895
22694
109
123889
19630
16897
1312364073
1236
100
100
420
1213988397
100
88
100
87764
100
100
4096
933
100
88
100
11168
62984216
68498338
442800330
195
781764
1177679
834390
67235230
69054878
93940367
57848389
57893811
727
195
67668677
195
196
903990
1505953
552206
195
86896191
858883
1255470
57268051
73871977
1141326
800218
63426048
130589750
844757
673827
195
674238
62420697
62464695
612153
198
1401695
604540
775984
397775049
65282719
1170012
195
195
74101988
198
59333627
60367587
119781804
720753
622560
5428
4360
6808
126
198321219
43847850
161120622
129408123
150318231
159779226
117323286
1000
157452792
123364047
123150176
184834646
176437889
183317483
135730080
117910224
193597234
835
166835252
148640700
143349690
193094199
183131721
190040978
5279035
155479988
38114053
132142632
5185143
177686526
191940369
137787333
148538045
154526344
185915527
169527086
4571790
2064777
111701298
198
162550585
198
1489323
198
2277112
1502
199927969
442048
2409989
198
1584607
2123096
198
2762133
1676419
199
449864
158210887
186303202
198
36735505
92220721
197947583
198
742810
2473032
199
173197019
1497279
3351396
169281264
1456618
204840194
2488761
1697004
4497662
82857224
1836816
199
168470599
1551125
2255629
1843703
198
108116408
183073032
176092669
4560632
80404348
192014053
63394703
2050141
2154303
2407133
165569715
174219812
89427718
199
1663190
199
186658697
168454426
3326622
559647
183895095
145758922
199
1762878
571331
96713275
191741868
4276739
199
195
2858065
185157438
1654051
2771566
105377342
171780090
188793361
99148122
1658892
101750868
199
4527353
173269071
198
206608793
66099645
198
111407040
166867070
160332315
2858241
198
179467580
35287495
2386284
199
1512314
1755637
1655636
177407408
191859908
198181064
750921
110869421
4291116
2447390
198
178898557
198
150872310
15265956
151039563
337
169875922
157696814
123094288
163201020
369
139197108
1657539
13135212
1674871
144456894
127523607
7616745
258
861675
834262
198
173724533
160974646
196
674618
6884661
156324244
685841
178753081
88927731
206337256
140816555
169908747
172282395
204099028
146512705
141949996
147343186
154774541
181546536
197420506
207044922
196355272
187614910
148550218
220435968
836
217707973
164363324
207834592
216363278
210580213
150284843
1006
226065228
160961538
8031615
152853570
87368902
8693994
196424984
196155829
217304880
187471323
204821151
14004709
934671
906515
198
100969722
840953
718771
198
99825897
104597812
137618812
124686842
857068
722369
1213168
13599219
102785146
198
120471604
133857792
379
198
1222967
53285758
130090642
117917332
91823076
132149124
125105099
884
127248622
139241586
126964851
133295034
112532447
114486256
96819515
104643287
133121670
108619111
109780729
111492723
161407057
123429343
133632349
167582844
6035672
48416325
128157688
744
5948626
117044011
128905591
134869075
139251206
147166906
51378086
43407275
135623878
79882243
41515907
198
40868084
40244228
533159
433520
2056498
1324
59963372
58307169
142737318
1249557
198
198
524800
88274689
198
604915
327689
57117723
660383
1716732
69618495
718609
566506
77218199
482254
199
138137133
57983319
537886
72165294
1307542
198
118576383
197
56136169
1705365
114422469
354688
396734
92603037
486668
4098659
325396
133812104
198
141109922
2043878
397572
112626203
198
428428
108791615
43094019
1816487
532641
1431449
533857
54741792
198
65848172
83105911
147650271
198
1224557
600453
1317830
198
197
79636362
195
1772596
198
567959
122930682
1748883
50573667
1421354
520309
119444118
355221
133436990
58388826
198
198
653673
69351426
55525728
38494532
722206
130540671
4132198
198
138879364
1756080
196
198
96260952
116921612
130686743
124899885
105680204
139781303
134246734
136523001
152927382
198
1072
128261366
51693711
118023943
995703
198
122128961
997436
144002399
1556215
158991766
146589521
122136355
1000
148553619
130207646
154020235
133864114
189575306
116162454
135377348
187454777
888649
196658820
176666183
198
122445524
1030551
7854699
198
877212
1552393
54391674
94777347
127154262
109957390
160109098
7905748
1007495
111473575
117780839
116224186
181864450
141231418
169467964
120226009
153559128
37891506
834
122359002
104595953
115837110
127621584
94436924
119790043
98370571
99781907
141706031
138648389
145902806
109474978
997
215431130
93404729
150010067
215431130
133791607
116593862
110000979
149910398
143943215
149244935
46
120344885
18246470
33063630
106898622
46
141068370
148310500
110637996
114519545
18958050
121006599
143849131
133549871
3475491
1679718
82407657
448278658
526968732
6880526
12483088
133776867
292
1178116
529728098
9936678
335284410
905806478
8024324
7293490
1739909
157578637
838499788
900787936
11705178
330740
1799861
823609914
1267762
1502
1727175
292
911540598
15113226
2162928
1317005
526968732
7877062
812771586
6656042
332907
130289988
150222323
184260738
6518892
1887960
292
20296386
29019451
905806478
73369833
155489555
578130
19229614
292
9810866
292
1980887
14318894
20811324
292
139319063
1983818
785131406
292
1192254
2474187
138172525
1120136
11089976
160930750
1973148
433896142
1325193
10488428
1992680
3424903
67745602
1423043
785131406
136313536
1211727
12120744
10810652
3378994
1753843
1412910
86703200
147277547
862738584
480088694
147068718
3485817
906975116
292
66076192
945226424
150999935
50898163
1700405
987360666
1822317
1897892
6935034
132314381
987360666
807791422
12793122
142337291
71238052
1318989
404085022
9614650
292
823609914
8217610
146735090
480088694
141444552
291
292
2490819
362233
829351598
150851844
118547143
1402515
364697
76285159
153498117
3319628
292
10242462
2204485
148200844
1303646
292
2144024
8220598
448278658
7698076
945226424
7785710
88315924
137015326
154727494
7319726
78135455
1288271
292
19371188
10148022
292
85392470
529728098
936726806
433896142
292
292
10487900
911540598
829351598
899507444
885741200
3481928
135764923
293
293
184260738
289
2093858
162674895
52813207
807791422
6306224
335284410
83306583
13175626
7463054
142241354
899507444
137114856
292
2177379
143065956
27996970
20445772
1800577
1188272
1436098
1343069
143298116
150626030
8676648
812771586
10355116
155516443
573859
11070254
936726806
404085022
862738584
838499788
293
293
906975116
89112136
3201418
900787936
3301778
1915021
139902123
19717518
885741200
8469468
123194495
12257838
117171208
130956411
337
123407863
89733117
125829784
104925643
1139316
10466850
369
1207115
108704290
93298623
6100920
48
48
2866206
258
195
31934298
3025190
198
31934298
133345277
128532806
46
2082050
5519950
125836749
46
2163240
136531467
79390803
179121328
121089822
148447269
147923013
174112967
122668810
117973996
124408444
129429799
159697000
171198641
172280864
167847181
153070559
123898866
197145620
183773440
140002048
175807808
836
189797197
188644167
129901085
999
197864534
142177140
6895483
135896656
77750769
7775836
166885519
167999734
184694884
159191254
175335362
10859924
3800100
48
48
3570598
198
5804158
198
85632677
198
60476014
48
48
3768670
81740830
198
4010912
60476014
88701479
378
114514881
3512180
103679836
48
48
48
10684636
83869840
100716763
112035856
3327590
48
5499112
42006176
92493992
82903697
883
67705409
93432866
88902440
94591658
102039795
89628559
98728077
266448438
77754302
80420080
71332848
744
70781387
97543486
266448438
75378101
74671312
79598176
118711855
87310874
96379438
123003192
46
19706122
39070117
90710944
46
20474742
83606389
93560010
97882170
99768059
125489657
198
39364338
36007210
111472760
66014937
34740674
34913546
32691624
195
198
195
430999
314706
1606719
50337501
50653236
115794719
1058423
198
198
417422
72319520
198
512759
283601
47908811
551882
1423593
56401817
578408
457571
64077208
353453
116063487
46393060
440362
58598533
1073442
103622407
44735125
1388112
94114838
286944
198
315311
75624836
351187
3484502
274852
112787747
199
120294062
197
1612774
198
311361
95194209
198
313842
197
92570962
36836270
1419289
397901
1321
1137414
198
391894
47117567
53449973
198
67994602
197
120068019
197
1018082
519927
1104791
195
65948744
1374185
451660
106548748
1412483
39233076
1148423
425106
98523716
282675
111628652
47786248
198
538201
198
56428467
45615282
31352231
574853
107737940
3526264
115910354
1420820
4522932
79059792
89070642
104648434
101231729
82966878
107898547
108135038
109055341
1071
116530558
7680640
103211173
40826903
4224554
94847626
48
94340545
48
997
110828912
48
121312582
113798900
7276978
96175961
114306883
105323429
116963069
4285212
553447630
104524019
149422969
4002514
88205983
103547795
146868112
48
553447630
153838961
144839129
4531542
98696196
198
48
46
48
32896530
48
43051750
77747925
98224542
86245518
122044866
46
48
198
34179610
91886794
92830077
4782926
198
95533300
142561066
108270434
198
139390237
91746777
26374
1100
7502
7297
372928
1848
830274991
1181459309
1185189844
94867690
2723
923
1193163247
1243852743
827019716
1199882766
860179000
94886870
95026107
1198428040
813505566
98316263
96515863
1185328772
96167726
819790854
95908270
95705835
1166160196
808885522
818271856
77815
1991
2973
1007
826179588
319
7741
874
206171051
1779947
197
130438923
85120167
176798331
97828396
199
83682621
158272245
58175701
796245
900430
195
3031501
86325246
173432891
178624179
1631728
821216
122452354
77700149
5980086
1018051
198
85445866
941710
3662436
77028330
198
1081535
663886
101892923
649513
173686428
82215134
814366
78185062
13766738
1952311
169029525
81570409
3572496
174546847
1178672
591197
123540676
176355277
76040759
661340
15667579
1008635
171412892
202259335
198
3043407
611062
160043330
14401892
890436
160518984
198
162566403
2284951
198
831686
1442
1824871
1886905
198
835749
167076225
200
91140225
198
98451339
181051508
1620933
198
6332115
1961817
101996245
2258944
673301
198
171956278
198
198
2254035
127204916
1880736
761350
198
176383107
1181595
171870330
81133447
198
200
940828
93333245
80038422
197
57476260
1086015
198
173286784
180505992
16160248
173950966
2232161
200
198
26374
5939021
198
2905370
137680658
228164340
1904572
2926826
215526496
198
199
525389
198
198
2891393
198
2106734
2672222
1561
3132996
198
2171147
198
198
531209
224740002
237547332
198
48962750
111058943
234455457
926933
3090331
176111778
2036213
4516851
219545835
1881322
239431490
3075292
2179668
5515716
103709310
2613478
173887409
2094125
2929328
2625619
140870489
222258930
205616798
5483186
101896141
224428009
81290111
2915260
2730368
2827209
203750324
223901880
109537782
2252998
1403493
216096967
198
199925029
198
4510000
790545
222310682
193636124
198
2221900
804383
111693373
240784094
5234268
198
199
3749179
199
211499142
1967945
3127137
1415901
123899897
208707582
226275788
113687533
1972567
119796935
5927623
198
215241065
97084651
198
195
198
220145818
82462291
99826779
138800435
210609159
206005577
3749733
198
206141161
47914537
2894689
2054666
2238428
2251635
219219033
218887331
198
228253384
925672
143233002
199
198
5210761
2843681
219651725
198956539
10214
9352
5428
98
98
98
98
98
98
98
98
98
2966
98
98
4822088600
98
1008
98
98
98
98
98
98
4731376317
98
98
98
88
98
98
6808
126
127
84
113
68607
1049
98
88
98
98
98
98
2708
98
98
924
3272456933
98
88
98
98
98
98
98
98
98
3331650160
98
98
98
98
98
118433014
612617293
272606627
477840904
599278234
341453561
301
11628639
492969498
82343476
11719475
316
13485343
493874099
437644124
373045001
7822675
201
708815770
1104
557348921
202
5534933
636718451
6632740
299131223
8056196
616066209
6600739
582608961
692894355
540415024
202
2721575
426124085
745333327
681426487
8228923
538147679
5595042
10213623
201
6582911
638165468
5187079
15102391
242534350
4514512
9744690
314834780
639266040
553899935
18894195
7819654
8206880
201
6440365
202
717151664
12578464
555735286
5625527
751890034
487622424
201
14403539
199
11507178
688519843
500909802
6558372
341416450
202
202
198
16924172
524550279
201
202
328372242
199
428331118
9397778
265034814
578900640
4609097
6907227
7813677
540263450
2176402
201
202
500216154
11790248
6486330
86523634
712051334
541786173
260
450284186
12878410
848661724
62140542
248
13954301
1344840944
698915476
620702423
754759668
619716867
917755514
634929173
660
387588213
749228543
766223918
774952092
684619630
559702108
715346714
595201233
417738220
951933116
855961126
63418351
790
919089285
528277864
69745616
509206210
475089350
705804782
831706512
579278428
20927
25336
199
1563602
2067733
186
440067722
292497947
491
937011
24592890
426819861
535035177
194
315547290
465507157
1199693
621371652
350620030
400674051
31402849
411814414
486
486271509
438506926
30858213
204867749
34444327
577916042
519359292
862
193119910
389179306
199
446142921
201
2322431
7279593
4367535
1959408
186941465
6912486
4118468
585101385
2077159
2308677
4187897
507374300
314299528
5647709
199
3640302
200
400707934
201
1723238
14544958
525021472
8857582
202
200
2940737
453567665
198
7594356
306301910
394360943
201
4788479
248458036
584034868
467511228
463545736
197190539
3531201
178954317
202
5116786
6219864
3415783
229105275
147300919
201
502565047
5884777
3500514
255815600
414889603
499861344
578674179
18689577
238106281
198
871238
8564114
426300788
5565939
0
5493294
23708826
3354
11038732
6389925
192
21751225
190
735118
193
677608
957137
15987693
8006612
980803
13051423
7514342
1130700
8214509
192
10784952
2765688
8671310
529988
42684323
1726
194
248
1478003
191
10129942
194
784441
4698677
6672412
1228312
9095620
599445
6924068
1526937
194
18159769
2638302
7029000
673155
6674247
192
8175896
9599316
1221529
12404568
10287390
6335693
1137212
9065023
2064046
1766138
8092780
7715743
11104754
6606913
1144277
8317302
194
10260036
780094
48
13048703
8683342
813299
936801
24339790
7106152
7821089
1658076
29945125
48
9987938
4379463
1098948
194
15640280
1233036
874639
5294727
4034390
1103138
1194837
7095419
4667645
862267
4842933
6656953
12833687
17870103
6128356
10803710
17183035
904273
1137773
9110532
1593701
7691684
7466400
1030798
2129710
1432489
192
7017043
15029986
194
8889781
12280994
5708635
8075038
1341442
6710173
1219342
7556958
1788123
10330053
192
4692039
2253654
28681926
8657426
5912392
1450779
193
20527839
7426518
988256
11427386
7802012
3692090
6560500
191
6562688
1812856
194
250
1275885
18894256
8038112
10422717
9231004
7795887
619288
923425
6611413
5538875
8966083
189
7614374
193
194
8037414
8724605
3007108
7340638
18595378
2083339
873265
2678463
1035870
1067804
7128965
7318106
1462987
4013391
1602520
193
24744211
3188546
10536556
192
282696814
10777777
194
193
7200990
7243269
7859309
1232096
1024548
8109424
4687218
937534
9934532
9902608
8543417
9292688
192
916703
682668
193
2056374
1649719
9517558
3617208
36481901
8839055
6233095
248
8378953
1271333
193
8493989
8430922
9999431
1409638
1269619
1508077
3121881
9256665
7859978
15215369
23527374
1023585982
549
405205644
422575370
1943297
404947847
357396875
3707460
389712287
386089606
3931858
200
831633
540670674
289686140
201
404365880
427443682
1499021
499976835
485695771
5792813
422285696
201
189
520276602
711
4443876
49751660
4688860
238830915
619368
773531141
474512537
446772935
468952257
54652861
3115376
536260236
487000247
22502
1010984
22488
98959
2091
50
211727
16
0
1258
1530
1462
1048576
128449
1048576
155004
16
0
136
0
0
12546
107
1291143
16
11223
0
20655
0
2570678
50
16
0
0
1048576
1048576
16
0
0
1048576
1048576
16
0
0
1020
0
0
476
476
0
0
1309
0
0
58543
112532
219
57532
16
109483
0
1530
50
165083
16
0
4573
50
483984
16
0
22916
39695
20604
11016
14688
24735
1649
0
40664
7922
3383
9571
22780
6324
40868
8942
37264
21437
8721
23443
18717
20757
8551
24531
27336
6018
9231
2114431
4228692
5242880
1710186
16
2114680
0
1048576
2113951
255
136
27596
105
10744
16
0
0
1048576
1048576
16
0
18088
0
0
0
0
0
153
4267
3456503
162
714391
7791
16
0
5627
1048576
1048576
16
0
0
1048576
1048576
16
0
22498
1
12990978
15899839
8962053
28577
25528
1675
927346
4150
106042
38775
423768
374108
98600
871021
34146
400
2764
19959
55478
197764
275
88895208
1125
11935012
4624
28577
5393
25528
67
2020
927346
4080
1411
18229
871021
34146
13809
400
19959
197764
127720337
17983596
4395760
3102670
11801635
7919730
6379624
11375380
40952
43520
9487156
3156715
2958724
6143075
40424
5551637
10134099
42928
38440
11965208
15260873
5551067
18115598
43336
23527408
1777588
7690023
45952
40752
45408
1777603
15262777
41592
49360
47312
6505649
23528177
40824
6505999
14827439
14825685
6378701
40296
2958626
47104
40776
44928
3156329
2873048
44608
3102585
44312
17984677
7689449
43136
12380340
10135655
6144277
23527408
40296
4395929
18115476
12381211
2874526
41128
38512
6670453
11375219
50688
11964500
7921049
11802208
9487080
6670549
19323381
19324642
40672
41432
1161
11190
14465
1467
208923
28577
2345
25528
139487
927346
2777
562398
871021
34146
3830
1432683
400
19959
40213
84469
197764
210368
1128
539
1
1
7
151
10
14356
842
157
16474
4065
1340
6423
35482
10185
6204935
4769071
135
280
923897
2549
467
1115
264
3655
3227
59483
5611
3449
72
1514
28325
23677
12607
4474
5922
1219
355
9753
22839
1096
5921
6
33253
37353
3025
7437
76
73
190
190
190
3327
1638
3610
478
1348
424
4927
1579
896
544
189
41
32
1505
9255951
8408
3326
258
23
240
119466411
76801453
2125
41583736
450
275
10176333
65136
9559611
66144
64248
64728
1808710
64736
68616
7971045
5588058
64568
6748875
73704
68432
6417992
64136
66184
64648
66336
18195563
15341194
3000300
12425028
11440990
3206195
14896230
70280
69856
64408
7737830
11834090
6546671
66064
19405837
75312
70280
67848
72984
68584
71888
18052747
65616
11990191
6205981
66032
4432894
2902046
23615481
3133177
118541365
1884634633
249728440
675
525303808
40354980
1319
2622
26941
27461185
1918
2622
4241
40446982
36126252
18580
1886
40446982
1806797697
35848118
89040664555
15132488602
265884924
322
31969536
1243
18580
54020155
828
736
26941
16973
1148
1900506081
556573565
8656
3854000
803631638
2603824
111333
3019272
111223
2814368
3237890608
111827
3587864
2542212257
111757
3229880
2692080
111774
2317417593
2564136
111677
2664768
3169320
112054
3786616
111602
110874
2434080
111546
2482848
2988576
112086
111886
4957456
2586760
3191072
111686
112017
6309411243
111223
111867
111664
111626
4271912
112229
2996560
110966
2164129345
1243621939
111192
2589640
2744296
2552416
2566352
111590
111938
6377106839
2585984
111621
2746086093
2485008
112117
2845212329
111237
635632072
3682122683
111350
1834105463
287514669
2598104
5588817734
111338
2689336
1374540382
111959
2510056
104776011
2873144
3655432
3062552
5263225996
1566263097
2362542701
2631408
3979208
2566824
3218394792
111788
111098
3063424
110647
1190200887
1049558969
2644816
6105895947
3506217633
111112
111476
112918
111576
2611576
110929
3683684391
2714016
2144306462
660769214
110904
111193
1433371276
111414
2613336070
424049132
3188152
221856398
2679051936
112793
3100528
111909
1705508187
3531325014
112080
111948
5029885331
3743387519
245662092
2639344
113025
110958
4016688
4651048
2543992
5056216
876601327
2671560
2660160
4974424
111676
6144037916
110954
2567304
2430640
111889
3934152
152954499
2345984951
3554592
2345777885
111977
2515792
2743392
111269
111601
1218741787
1789549052
111802
3963616
2747672
3364259156
1057624229
110998
2374587446
3335265161
112763
2783952
5222416
3671920
989976234
111774
1397487828
111683
5013880
2432016
111864
4736928
111463
2705736
110701
3560077406
1925325299
5154048
111415
2429147527
112517
4639480
3068754459
4859696
3552184
3578829420
1140024366
3862560
111555
1661994635
110944
3123560
1076654561
2866176
2763808
111407
111804
3130976
371290497
2384411335
111933
1900748230
1243459269
4664651972
686135543
3205358576
2895472
2224230896
3747072
3090752
2743161335
483701420
111748
111427
3216944
5009416
5092229460
111811
111594
2573616
111698
111769
3831832
608838113
111719
2764224
4550901018
3329962799
3809443909
112743
1164804685
3334963614
4601613791
110638
110890
111899
110978
112833
3078058760
842964954
2579136
190405424
111892
2756245684
3360379033
112020
111393
110757
112725
5033690655
113233
2643095951
111565
3276496
2751864
4275480
2792292445
598713470
1732399368
2769359536
3973677420
111637
112021
2187856257
4829464
2605256
111699
111722
1331599337
110743
2514432
2865952
111740
2985608
111885
3797512
1369745828
112044
2183744820
111860
111896
1520385696
4258506793
111623
2781216
7047136080
2460160
110913
2977648
2969264
111582
2420768665
111544
2129959419
110894
112101
3304432
812088317
2820200
1275038129
3852200
112162
1231603260
2542792
3243616
111748
2420424
111669
1931130944
110837
3155255006
9342972667
2915104
110742
148207707
2570776
3840029140
3119384
2872392
112223
4997336
110972
4307831017
111692
111855
2747656
111662
828100688
355293296
2752424
2665640
3425280
3001536
3828328
2541240403
2576072
196734180
5236152
3252592
7634214814
1591647979
111659
3093040
219829573
182281870
2902345916
1485190831
112015
2533336
112010
111314
700597090
111684
5332524660
111163
111643
110970
111465
2608016
2474531202
2605656
4900760
2598433966
2597328
395781958
111785
110958
111735
4056856636
2468304
112125
542942807
111483
2867885080
2911664
110880
3230393947
111725
2533520
238339364
2403528
2546840
111440
188274060
111811
2702104
3194920
781813155
5447364448
2550792
2954648
111627
868514426
5331713565
3640762284
2601168
4314562530
568510420
6781435480
111725
2874760
111048
2809576
111643
4920509842
4331645722
2735824
111433
2728824
111810
1464474602
111895
2770792
112055
6257963904
2527864
3523048
222964805
111480
111810
111743
111311
2552872
2552352
2946760
184767070
110949
111409
1942952744
2604528
3914216
111406
192854019
111624
622118744
112039
422434590
2971568
6024072737
2713895993
1964290403
112044
3558955278
3558736827
111053
3615800
111440
2358992
112156
2661386091
3356008
3935893334
2494832
2663408
112098
3805664
4563624
1399501981
2638103738
1161176619
2671688
3067368
2652490288
2546744
3040712
2898648
2738424
3153584
1100521160
3382688
111527
256082233
111858
620789271
2802624
112061
3109880
2914496
112984
111297
645470005
3093824961
111812
3908456073
112150
111774
111348
3543794595
110958
111062
4607920
2567970024
3063208
2978176
3176944
111065
111533
110624
2870256
112085
111619
2529768
4411680
313392501
111777
111258
5055232
111672
2859312
2442934782
2571632
111976
4267046957
9887626649
2519224
1467213385
111833
111913
574007025
1455802469
1297897588
3225992
111697
5279398995
2696832
111467
2496424
1950781823
3131848
111374
1571736029
111588
3309592
111268
111952
1864272979
2174015356
2748431412
3120032
4743416
2761856
111564
110926
5245302426
3405288
111577
2335784
4157024
2454392
111424
111806
110978
111981
111741
111383
111523
111203
2536136
111012
2655368
2808320
111779
3275072
111533
111479
111774
111349
110932
2921445314
2520232
2790724467
2591616
2660624
2620008
135825287
3817944
4263680983
3209509076
111486
3013550679
2388671169
1767787995
2590712
2557280
3298600
2477680
2810609257
359639652
111640
2897740041
3280277791
2626176
6180074472
4150248
110913
111864
110918
112108
111769
111551
432065988
2006739657
3260288
2772344
111723
193749765
3571192
2516006290
1669815126
3226720
110741
2540712
1070951755
5313875348
111474
112141
110727
3094648
3118995146
111979
111016
3337713433
2439296
4343437628
482709731
3553344
2713760
4683176
1341317397
2490656
1095422849
2769632
1845356526
1831728490
3161113713
111965
2490512
2573608
1777898559
4184360
2578824
2649784
111510
111692
111604
111636
3496000
1700123300
449759448
2510112
3258956831
2151831529
2505088
112090
2166415095
1066588557
167658029
111385
2957920
111262
2692128
6148524047
111716
2534376
911716825
2586512
4134692943
111581
8594597117
111460
111708
29280
2570640
111965
111643
4680818940
701757111
2566464
4788808
2706328
2472632
2530960
112295
2770456
111516
5139
3059592
497400025
3164971951
110918
110823
3090104
924514530
111994
391154332
110810
2589504
1895010956
111608
1940249414
3237750877
3943087978
3698632
167074246
2726173132
2540416
3375160
111606
1309306320
1447500
27080
27112
3332437
37905
27064
1860244
27080
27080
893586
2196139
27064
27064
27064
3189349
27080
27080
27064
4016000
1948094
27064
3007085
27216
27016
27064
6591275
27064
3078703
27064
2963632
3899721
1300665
2531437
27128
27080
27112
27080
27064
2011703
27160
27064
2148906
2154634
1773463
27016
1752639
27096
27064
27064
5881915
27080
2120435
2522366
1684274
27064
27016
1857217
27096
3364429
27064
27208
27128
4284508
27152
5074443
2787624
27080
27080
2616046
27064
2686655
2880498
1756624
2668830
27112
27152
4766176
2432208
27096
1866866
2331753
27080
27096
4676631
3152869
27048
27064
27064
27128
27064
27112
27096
27016
2254743
2860043
2297051
27064
27096
2086743
2453193
3299315
27112
37319
3998843
27080
5228467
2361592
27096
3500598
27128
27064
27064
2397420
2769773
27112
493593
27080
6015960
6771065
27080
3364360
1828763
2814694
3669409
1887878
2195665
27080
27128
36664
27064
27096
3096745
2270133
2619422
3843648
36633
27064
27112
27096
4046434
2819776
1571594
27048
27112
27080
2748181
27096
3626266
3661094
1647502
27064
3642776
27048
2017153
4587970
3544602
3154489
27184
27096
27080
27080
1936715
27080
5769428
27152
27016
27064
27080
3177793
27080
27064
27128
4876333
1728329
4561584
27096
2978794
27096
6616645
2396490
3429413
27080
2145363
1731133
27080
27376
27096
2931499
27064
4081480
27064
2304837
1891933
2303055
37380
27064
1578813
27144
2489658
27080
1340983
27064
4184513
27064
4781398
3222860
2802091
37259
27080
2069026
27096
1604123
27112
2945219
27128
4124489
2565726
27168
27064
27064
27080
2487912
27064
27048
27064
2512021
2108009
2278881
27064
281168
27144
27080
27184
2025041
27096
3610012
3191548
1354689
1753682
3581740
4746790
2916406
27096
2119500
37160
2140687
27064
27320
7925182
1256913
27168
2526311
2362679
27064
27064
27064
27112
27096
27080
27064
36786
27080
27096
4554254
1895935
27112
2771248
2414677
4099937
5989387
27080
2785583
27096
1935409
27224
2459444
3701249
7863000
27096
27128
2239107
3293448
27064
1915974
27096
27064
27096
36779
27064
2511103
1353260
1320831
3299352
27096
1623317
27128
27064
2063692
27112
1190012
4661203
27080
2091266
2343313
2737269
1836880
27144
2547787
1886580
27128
2763811
2371653
27080
27096
2188193
27048
27096
2146853
2633034
3538219
2590867
27184
1182705
27144
27048
2254298
27096
27080
2243304
2872855
4372651
2468759
27128
2808362
27080
27112
5155418
3678048
27064
27096
1734550
2257093
27080
27128
27064
27064
1657352
2386392
3144324
3828960
27016
7342083
27080
27096
27112
27064
1073665
27080
27128
3727101
4282677
27064
27016
2134381
27112
27112
27016
2213608
1831439
27136
27064
2635373
27080
27080
2147001
27064
2077046
27168
4558467
27080
27080
4346572
27096
2660085
27080
3689510
27080
3381113
27016
2252284
1873485
27080
27048
27064
2905484
27048
27216
2355181
27064
4809819
27080
27064
2507673
1488740
37866
2266240
2751992
27080
27064
821788
5682205
27016
27064
2741530
27080
1408644
2673903
27080
27064
2058411
2444581
2062869
27080
27080
27112
27064
27064
37797
2333264
27096
3710582
6009412
2329265
27016
2997398
27064
2296633
27080
27016
2123799
27280
1442994
5079739
4400102
27064
1514966
2181836
27064
2864842
27080
27096
27080
27080
27064
2925794
2443820
27048
37794
3070533
2634396
27064
2671949
27096
27080
3627112
3616100
27064
27112
27112
37096
27080
1041965
27080
27064
2047795
1820551
27112
27096
27064
27080
27064
27112
27064
27064
27128
27016
1377138
27080
2390354
27200
3036579
27064
27176
27080
27064
3174374
6366569
3549068
10510
1163
11401
274
1254
113
37517
13301
562266
14463
830590
80862
80084
98478
85798603
19205
421136
19677
135824
7
80782
523800
12379165
33849
264823
29948
650704
7030
497433
579614
523800
7532
24329
9672
1995
114842
249392
8406
3721
12110
89597
342883
544112
10692
84291
283073
135845
19216
33891
296921
616218
8281715
19998
49593
19977
57273
56323
70416
49977
37412
22715
92492
19220
56830
39744
172766
19414
31574
20876
34081
13025
66205
27432
23053
111394
51126
164809
13025
18398
34124
30958
30864
65613
92369
53004
68112
25852
45470
103902
31836
33736
20814
30186
106667
108650
435510
233966
125660
180859
674222
226949
80772
311811
264377
126294
260051
500645
676664
190427
102615
72575
403824
368882
334354
189176
121465
264461
341063
312045
65222
173615
166741
65356
92647
235305
237232
500248
176720
183183
72575
67343
125813
145364
238246
83098
141251
211088
24268
203405
233710
227632
138555
138564
143940
142042
229045
346555
23203
215257
265942
94324
161206
142267
94912
114250
28599
208045
15372
116776
140471
148629
83470
15372
75001
152681
28952
72888
37610
213748
109359
24665
3166
5839
158615
2135
3019
4916
1412
2885
332
196265328
1292154
787674
1407
978141958
329
1391
2300064
13449393459
394883
1408
2287244240
822630
4971478796
1409
886806
1412
224628291
330
1326490
18665
330
1412
615
205626029
1306581
1471854864
1408
1040529
333
3165
1408746
9678
334
465674563
1413
1326218
1412
6021
330
272415368
1413
286242763
3406
1332992
332
1410
6196990500
804965
4853
333
3972178652
1408
609021
732440
1409
4272850980
312557280
1371909
1412
7199
332
86822
1391
329
15495043969
2927437
1354434
495756919
332
1413
4780
1341890
1406
306815748
550003
1408
2993078403
5882
1294713
345455404
332
1412
569452
5285458925
1409
927252251
1407
860593
273226
1391
15471950440
329
2816231
332
407056435
14450
1181158
1412
4018233249
1408
503009
1198
867229
1215523648
1408
331
1405
1101004
929273250
2352990515
455965
1408
1410
6463157541
834929
3119
331
5926855635
1409
1013368
2912
1358897
1412
332
222342341
1410
6552924084
838528
1409
5305802676
790931
1392
2566754
17400579606
1282291
2831
1411
332
217665396
332
1301285
35660
1413
533751061
1138515
1411
109165190
329
1889
437062705
17634
1413
332
1331217
3357366911
847832
1408
4351
1359473
334
337170441
1413
2128
202599213
332
1412
1311570
949802
874075720
1406
1407
3788683786
866676
919619
934919485
1407
563013
4130230741
1408
332
1412
159104008
1235661
1766
3372702648
331
1408
2771
511265
1413
332
440978249
1257347
13514
889160
1408
2178445258
1408
612212
3594440857
1411
2396
332
1276880
177490992
332
209276807
1311514
1412
5173
720107
3251718796
1408
1020774
1406
1019810071
547543
331
2686
3387456498
1408
1405
1203850
653950168
533191
2326830361
1408
1411
330
144789175
2215
1180255
100840807
332
1412
1169895
17862
126407329
1175302
329
1375
1411
332
1413
1270218
55756
437565417
831003
1408
2846215726
1270414
183751757
330
1896
1412
816570
1408
1864612155
332
1412
1214037
361861687
3859
998040968
1406
1132946
191418339
332
1412
1516
1311553
330
188856423
2288
1412
1285344
502189
2034
331
4200771253
1408
1413
1240589
332
497297334
8139
1412
1290790
1919
205755118
332
557772
4318468931
1409
1413
332
7929
1411685
556097928
1198299
5536
332
1412
153366609
1406
1066876
982921382
682166
5847036001
5120
333
1410
1407
843602
979045697
5759427898
782542
1410
1411
1157596
1938
136665052
331
185961746
1983
1412
1312687
330
1371022
1412
332
1873
269281067
995
1409
802465
333
3563352632
150324719
1278413
1412
293
330
332
520451176
1023072
9139
1414
1405
769996623
1056801
706683
3274781185
1408
475321313
1407
1304269
266865600
1412
1328747
332
7147
1412
332
307081657
5681
1353076
1409
4837233853
721567
4687018738
1409
593032
332
1412
358076197
1688
1126506
764720
4194114846
1409
1179637
1407
535028802
1264965
1406
379018126
332
1349292
212527469
2106
1413
332
1302729
226279148
12291
1410
1247176
124438172
920
327
1411
1316923
3014
314927636
1411
332
672
103715669
327
1141893
1411
1409
827579
4084324888
487329
3822596815
331
2905
1408
2713811358
1408
556934
860083
2532282334
1408
1094583
1406
878949435
1229696893
404997
1408
2554
1412
332
238931549
1316397
1368709
1412
332
5318
273604588
1009509
5090795881
1409
3205554125
1409
506568
1407
1104717265
985257
330
174424679
1263
1412
1282708
1265145
1412
208930810
2616
332
1408
787279
3099722905
1414
972650
334
410821770
227
1408
559180
2048384446
332
1244149
12984
161360788
1412
1160198
1639939219
1408
1368554
330
1412
5644
288681440
4788156117
1410
333
1950
757768
993506
332
326560552
1412
1344
1095903
915473238
1406
1408
3480538900
490085
1407
673569
777745911
1392
3704569
329
24397277827
281815
1392
324064
1890278
331
12088519617
4138227332
1409
872752
334
4931
1412
1355052
487195681
1944652280
917447
1407
1051888861
1408
793795
1123144
1406
1040196503
111148062
331
849
1411
1133493
1408
693390
2357046311
1281242
1386
1412
330
154423552
612
329
93463269
1180536
1411
1409
3216303902
912931
1407
1238734
603753584
2308946251
957955
1408
1238175
574203813
1407
1835142599
1408
913465
1389
14803108214
2346376
329
512852
6168
373366028
1412
1165734
332
332
1412
428662359
1034060
8872
1412
4215
1261234
332
390170032
618
586
332
612
321
601
20
329
333
630
331
333
615
610
330
340
602
619
331
594
619
328
333
583
595
340
618
604
614
585
594
617
609
615
20
622
320
337
20
328
342
332
610
333
599
333
326
325
332
617
328
20
605
332
325
618
326
615
316
614
334
621
330
332
327
615
602
627
612
330
609
333
334
613
609
337
334
597
328
596
335
341
20
617
325
331
20
332
325
324
613
336
609
323
331
336
326
330
326
617
331
335
20
610
610
614
327
329
328
326
627
589
331
20
331
626
327
613
600
620
323
602
325
605
331
332
327
20
20
334
328
618
20
325
324
614
625
329
613
327
346
614
622
325
330
616
337
326
342
20
326
621
335
619
607
607
337
618
327
326
332
600
599
618
332
20
336
589
335
338
618
596
616
612
615
331
614
588
615
325
598
332
617
602
610
622
330
20
339
330
615
625
325
338
619
613
335
586
581
336
587
333
621
619
587
334
609
341
623
327
598
324
596
607
333
338
328
588
598
328
610
20
615
20
326
327
336
336
613
340
608
603
339
335
600
614
602
606
327
615
591
602
619
617
619
333
330
337
334
619
611
326
609
623
621
332
607
606
327
614
583
610
332
331
329
606
609
621
335
322
336
337
323
334
328
330
614
610
9464
71306
497
5083
2132
18382
7602
17644
2132
5521
373
6717589
500
5926
63701
500
4697
2132
16372
7471
12079
2132
3180
375
6012213
501
9101
66334
506
4960
2132
18083
7548
15312
2132
5146
374
15371520
508
5903
62594
501
4836
2132
16023
7540
11911
2132
3151
373
4264564
506
9433
66327
505
4892
2132
17511
7642
18448
2132
5477
374
2082438
506
9943
77221
509
4829
2132
19669
7489
17991
2132
6026
371
50609985
511
5637
68103
501
4785
2132
17691
7538
11940
2132
3035
375
7278889
499
9514
73920
511
4797
2132
18926
7551
18336
2132
5596
373
22253548
508
5984
64770
502
4742
2132
16664
7540
12035
2132
3234
375
5960164
502
5924
64296
498
4602
2132
16536
7466
11887
2132
3181
375
5795989
499
9657
70512
507
4830
2132
18428
7471
18231
2132
5696
373
10073560
509
9241
68043
499
5025
2132
17450
7716
17556
2132
5298
374
3672364
499
5988
65434
499
4882
2132
16699
7561
12481
2132
3244
374
5261164
498
7532
64011
501
4680
2132
16637
7445
16376
2132
4091
373
7010013
505
9272
68268
510
4960
2132
18152
7457
16810
2132
5310
376
14944780
513
7647
65460
507
4757
2132
17018
7444
16606
2132
4178
372
8035087
497
9238
70514
500
4807
2132
18369
7496
15704
2132
5292
373
25257601
500
9692
74390
512
4900
2132
19179
7442
18269
2132
5771
376
29773749
511
9121
65271
501
4960
2132
17876
7436
15475
2132
5171
371
13991360
503
9322
69018
501
4957
2132
18022
7521
17698
2132
5375
375
8203656
501
9132
68383
506
4883
2132
18303
7467
15499
2132
5182
372
30637943
504
9640
73067
508
4869
2132
18803
7469
18665
2132
5722
374
12712356
513
9698
74961
508
4813
2132
19189
7501
18233
2132
5783
375
23715180
510
9249
65627
501
5043
2132
17724
7652
16818
2132
5305
371
4261714
497
9235
70796
504
4844
2132
18492
7458
16563
2132
5297
374
26122936
501
5978
64233
503
4694
2132
16645
7493
12154
2132
3226
374
5945989
503
9357
72967
501
4980
2132
18746
7447
16096
2132
5412
376
39928109
499
9555
70884
512
4835
2132
18451
7456
18858
2132
5635
375
9633596
511
9537
67827
507
5040
2132
17635
7653
18225
2132
5578
374
2993914
506
9148
68712
499
4970
2132
18224
7464
16445
2132
5215
376
16059244
500
9291
71428
510
4744
2132
18602
7426
17241
2132
5373
373
18344488
511
5961
65858
500
4736
2132
16724
7675
12760
2132
3214
373
3302914
501
9638
74846
509
4863
2132
19183
7450
18020
2132
5723
373
27300557
510
9367
69386
507
4905
2132
18138
7475
18329
2132
5450
373
8040331
512
9239
67267
503
4924
2132
18067
7414
16673
2132
5289
374
13224520
501
9714
74798
511
4849
2132
19254
7389
18779
2132
5793
370
25894100
512
9160
69851
504
4790
2132
18169
7521
15708
2132
5212
371
22199817
504
9889
76418
512
5004
2132
19619
7471
18472
2132
5967
370
42600573
512
9490
71722
507
4926
2132
18615
7488
18468
2132
5577
375
13102084
509
9314
70509
504
4863
2132
18477
7507
15886
2132
5361
375
28361821
503
9533
71838
512
4916
2132
18534
7474
18538
2132
5610
375
13261303
514
9405
69520
504
4855
2132
18167
7486
17032
2132
5449
376
12323007
506
9717
72398
504
5068
2132
18377
7625
18514
2132
5763
370
7009339
506
9536
70982
511
4856
2132
18459
7469
18492
2132
5615
375
10676544
511
9162
67312
503
4773
2132
18194
7428
15619
2132
5205
375
19787045
507
9541
70899
509
5004
2132
18442
7512
18666
2132
5625
374
8103336
510
9112
68526
513
4950
2136
17611
7678
17457
2136
5195
377
2064067
514
5870
64659
503
4699
2132
16600
7517
11559
2132
3126
370
6120363
501
6037
68322
496
4861
2132
17696
7520
12151
2132
3295
373
8431884
499
9149
67258
505
5038
2132
18160
7443
16376
2132
5195
370
17975205
502
9683
74676
507
4845
2132
19124
7448
18164
2132
5767
376
25046017
511
9747
74788
511
5021
2132
19354
7465
18244
2132
5825
372
41889441
513
9482
70562
512
4827
2132
18313
7450
18347
2132
5568
372
12608008
509
9816
74981
508
4984
2132
19335
7628
18301
2132
5859
373
9929387
501
9661
72702
505
4807
2132
18657
7563
17430
2132
5706
373
23675812
505
9439
72018
499
4875
2132
18507
7603
18020
2132
5495
372
7717636
499
9736
70667
504
4979
2132
17735
7637
18939
2132
5779
375
4686963
507
9546
68645
504
4845
2132
17735
7657
18242
2132
5591
372
3959914
505
9305
71586
500
5043
2132
18550
7484
16662
2132
5359
375
18348288
500
9550
70463
509
5007
2132
18218
7500
18399
2132
5583
373
8042915
511
9597
76761
501
5059
2132
19316
7551
16810
2132
5652
374
53041453
498
9234
69360
512
4922
2132
18122
7482
17955
2132
5336
371
7324339
512
7382
66276
507
4772
2132
16853
7584
14335
2132
4011
374
8060699
500
9020
69292
509
5148
2136
17739
7679
15576
2136
5115
377
2184593
508
9837
75364
511
4961
2132
19511
7430
18352
2132
5917
374
35939097
511
9728
75411
507
4782
2132
19376
7545
18154
2132
5812
374
20422860
512
5605
63767
499
4648
2132
16455
7487
11510
2132
2958
375
6586413
499
9914
76227
509
4819
2132
19615
7542
17840
2132
6001
374
23820592
507
6445403
2135
273806
313794
277828
261141
239027
283126
290748
300938
266361
309658
318200
310922
250983
308300
260195
260533
240303
308218
308173
302590
310965
286376
266382
235319
283562
281387
318040
317539
249893
318138
247663
276220
300597
312030
314361
262101
264672
303003
270295
313060
314946
278606
306770
317049
314323
308158
280459
284993
304576
324661
300462
316624
268500
293320
263682
303453
314902
304838
305470
238879
269375
257684
291826
292435
321454
317889
254071
249439
319821
317397
307862
309030
294336
309425
322454
320386
283834
315726
258211
300105
311163
281917
284872
301949
247842
288968
307899
311700
315498
286119
258171
320061
275912
316243
295677
253559
304113
317404
323445
308925
308849
311094
315064
297705
286861
308817
312812
297139
316326
272535
277265
325661
261575
274185
296445
253064
315610
312533
288467
274292
324818
275602
297136
258200
300324
307812
310206
249001
277494
310730
253453
314512
316092
297793
320189
318994
307319
305210
308085
261396
289678
276278
310933
294627
319700
298828
314302
295672
283227
313234
320190
265262
283374
278229
306525
264935
302461
309969
297166
311013
316085
289711
271516
310774
285203
289656
315118
315358
287285
318954
289487
300260
258811
285299
318779
273412
281773
307284
271020
322762
267703
299881
264849
252092
263780
277008
307541
270548
294308
290171
305458
249373
322396
303262
279767
289650
322950
304089
305619
282747
261917
305174
321747
273881
234454
294043
298916
278478
299132
251203
260818
317619
268886
255804
276673
279567
310992
290299
275148
310233
259549
271071
306162
303597
271365
318230
303715
309470
313068
313897
268245
304932
270865
309169
253559
273974
287632
247584
314252
257016
316284
320871
268231
265509
315123
258783
291648
295549
254490
237669
263229
252689
321464
310558
254988
267852
262690
257291
305440
314665
313102
312773
319431
284129
383013
543945
551285
484726
371961
403145
571509
360281
360568
593290
545753
342561
351686
371677
593225
371494
335823
542338
601692
547811
523910
605031
605506
546589
592571
323892
562459
374836
362542
561336
531816
544784
347445
323708
544150
382382
550990
531446
546678
545354
559232
566656
546679
553502
574837
600281
542049
619575
566141
353713
576337
553686
542855
568796
541892
373020
532327
549866
564135
556486
378031
483071
561518
572930
541306
545309
608016
540504
343801
540259
340324
566261
336633
558449
554042
457540
558155
563534
604096
330350
532807
617728
532977
565463
543584
593159
598439
372720
536090
593193
550967
352048
366821
361487
554765
361070
373672
393502
487355
350438
352536
551369
369601
557652
558031
590842
580789
336929
332840
554494
373841
548812
384599
340122
551994
584486
354289
331922
546733
588785
536174
529782
355217
553559
553892
551475
570443
382865
561453
309543
533187
540512
370743
388296
370651
543481
578262
334657
579300
536911
348513
342491
548471
613831
380085
350267
582000
362231
552193
314930
578683
562875
583531
341545
548699
556441
516498
379409
510535
593072
603103
589734
374908
333784
364409
530746
560892
541305
563406
539499
564102
326260
555979
555758
333062
630236
325695
548106
333060
565229
338692
382930
373189
367926
323718
561490
559949
538250
313162
607193
373592
590870
545641
534309
320197
536271
548597
585676
594454
365308
557614
561460
580838
389412
539480
354765
334687
351462
587076
584567
548880
590084
372175
618118
545358
546746
368185
370240
575372
564096
587785
606313
531846
542528
554353
598533
349154
559847
539657
390681
540901
582322
558872
576004
531094
526047
340661
536259
368883
538885
543661
336129
545333
339857
377511
601879
360276
536185
593020
553223
584265
598145
339028
351321
560642
377196
542995
315643
564545
559070
611783
380807
544714
540319
334032
324377
535733
599131
551764
536291
551768
576345
545806
559059
545030
555432
343929
604937
345485
557247
552979
550420
563456
460599
586487
339614
569306
315309
324294
362642
562328
516846
350472
322806
584843
585660
619526
343512
418277
370859
544392
593147
601851
358100
614490
369957
535211
555598
312511
560110
325761
545717
539242
555113
541301
622607
563397
346643
564308
371158
608642
544722
548580
515556
523165
341888
389984
356575
545257
553820
557954
367631
561759
355402
579098
378154
554347
551543
536696
315465
368437
584174
600633
548816
555808
316720
556855
543365
356746
371007
553667
328049
544997
557211
309715
530201
544211
614645
530491
539749
603879
310783
305726
283695
249172
309884
270164
285825
260173
289328
314060
265286
298632
277349
313934
315458
288059
299343
313913
307622
276237
239275
272053
319034
265181
286905
305710
307969
289584
306745
315809
283542
321333
246523
322373
268057
314999
308826
311454
241042
312057
252579
313817
279476
255375
309168
306918
312683
306013
308719
286948
263761
313383
268810
286669
307623
316437
236177
309952
273361
309642
269972
244211
273189
285550
248680
308550
307210
251796
265841
284299
319930
290348
247490
302142
264752
252889
302490
288624
263929
301358
303652
265891
277760
312405
300296
252857
307373
280996
316834
305472
292087
234107
300100
252713
297999
316559
315382
332224
297690
306442
280818
355982
282813
328522
296111
271141
333185
294501
284539
325238
323466
334022
277505
340990
350454
256994
331046
325771
351706
342422
336879
331190
288598
350358
287187
271113
352346
299566
330915
342871
348967
342950
342850
340538
278079
345389
352626
295346
288869
301546
302884
273003
352202
300975
679759
416509
350255
688473
702510
698003
692004
340374
701238
339705
665833
366551
697250
687705
693499
412928
421400
677463
429677
696168
413990
674124
681649
417414
378957
687272
713212
688368
327582
692793
377033
682887
693033
418849
401119
404643
358204
695528
685636
683782
686394
696248
674726
382990
705404
395344
383739
700034
472359
691103
679943
470373
425070
692711
410464
373013
681971
336594
255537
347219
292595
325659
332818
342678
354082
343254
335706
2118833805
839298801
7812
7862
373177265
3199008280
557436853
11016562417
7904
1007861877
716122690
782505012
7924
5760
6008
3877
8189
6222
6075
1029315916
1530256508
5633
8333
3051490023
2676900633
6230
2056153402
6323
1983326462
755137803
6251
8731
1068629184
3016681348
5543
6236
2531086910
6101
448341110
8379
8197
3927
533163036
206559692
6070
3859
1046527741
560571766
8288
6024
3008873188
1143832954
6224
6212
3002623533
8367
6261
12159713902
1601757625
5585
2918591396
500736568
2618575308
1633166798
2857279908
846215441
1619098005
8312
8353
4904
5692
5645
8346
6053
5631
1803730579
2187811214
6182
6201
7941
6949223950
6172
4928536995
8492
7993
6121
3784
3882
8414
571600468
6298
7882
1862541515
1534971162
647198253
726379601
301968360
2777908833
3281987732
7703
7716
3888
8151
718055925
525431909
1143022650
2464433545
6292
7988
4873
8556
799063436
7992
446106816
466565882
870264912
338620154
1033483499
1337230225
5473
8239
7805
7946
1658784247
3454304974
3006807505
3369986196
1058649921
5757
754929619
7909
6225
8323
2663081106
454700659
2990111199
9100
6113
5567
8014
3139128538
1864355881
10375836277
794699703
1161298618
7896
5525
8222
2127805912
3322681618
1826412538
7702
8487
3949
5760
914663319
8593
2320881111
879215198
5927
6195
8356
2226037508
6180
6048
5515
626942404
7741
1288188801
2629548030
8041
595954039
631578417
8703
5879
2803569448
7713
5469
444880112
393139914
7962
385467836
476874514
3284550181
2356378989
5499
7919
3066034503
11282109043
7968
5703
10866225512
8139
6241
6081
3883
3110034018
534353624
5851
7704
725598824
1181110840
6307
7668
6218
6239
7977
1280942951
7701
6205
1930603598
1238558605
878458453
3974
540665057
3230249879
392530221
6300
7801
4151926076
892771785
5662
1680477470
7922
6157
901784869
8980
5497
610006890
4766607877
3325154253
5593
7753
6229
3239488394
378935783
6273
7781
5918
8460
5428
922162119
1799569580
6202
7903
8769
1426705901
6215
8095
6068
229045123
6225
1384369002
4060314771
5875
5739
8756
9200
891582094
1273428963
306616791
7782
1342705377
8392
1419470082
3093678353
3577875946
332120877
7567038197
8237
642613989
7659
6083
6053
5683
2837726910
8612
5573
8189
7752
424349024
8155
2003298315
218796414
2975933343
6005
7935
7883
3208433099
7965
1440922145
7844
1509050757
3176377765
5709
8179
8709
6173
5880
9097
2050959378
6188
7998
790409026
2682852398
6340
822051786
1628978415
3063525640
6247
8073
1147516537
1298315995
6132
561360130
7861
1701614396
766364979
3236057515
665557109
4608072529
230562814
7741
8325
353243819
7817
5583
5759
6246
7786
11264192728
5936
2759093162
538716885
291543116
968841978
8007
7643
700474344
7687
8734
2147673585
1264994182
5883
8273
3967
651547060
1713173639
5662
2987069661
8902
6145
6263
3975
340236890
6194
5645
6266
7569
1119297502
954319982
6217
7854
452373578
6340
8499
1154232786
1550929571
3768549580
933049862
7691
7573
7875
6159
1516545235
7945
1049929972
6177
6231
1123439955
6344
2661251224
7839
2313356807
902610126
551720423
8381
6089
1631480117
1685590933
5804
5782
8195
702560811
8482
539187909
2264800421
345396240
531104917
2786242068
605812876
8362
7889
1698117399
8412
7235003568
605153924
2513093266
967551553
1410587109
3780319556
745196153
2783587121
1645110573
1186741949
8050
8083
8202
6216
7887
9790963357
2631847722
1074771341
5740
2074316234
1079704900
5802
5811
6337
2494216652
359787243
7884
6367
535591117
885903440
6358
8305
810776797
6127
3696813080
685494551
351874870
281402867
2691713992
6230
7709
5575
832441010
7894
1093647318
876077534
6218
6211
3089565308
3176058923
8747
692635252
214773739
4264809496
1586579164
6171
7831
5601
343767760
7798
3097309693
332009079
780116799
4874
6209
6178
1206020969
290053615
427046436
277636830
8336
2626806800
675617168
6155
8991
713367838
5563
782866760
6051
812014726
7794
7825
634043736
6217
8682
870202770
1471714861
3305464331
7721
8124
543846925
2075876909
505239997
811291806
5981
7922
1449557510
2033872212
8233
6301
1923687447
3175517574
12695270777
1357260568
924634719
334834445
7887
10835158496
9123
8486
3259637740
8869
7819
1088941333
6230
6285
2092288616
649345204
2847070275
3336335737
5645
580649852
8337
3939089837
1367024258
3525104
6419897512
4336288
1627680366
4915256
4882921559
2871440
3820632
4359261617
687520005
2900944
4094264
6385981342
3250416
4811534610
2134869022
3420576
4228541408
4167360
1908100389
3900432
3146584
4605824
3850152
4624632
3087214869
1450540750
3258016
5853224286
4903224
5716829315
4286904
3750940219
3769888
1631022876
4700970431
3059584
3344296
5033368
2339010649
2535936
114864
95842
107140
2276906
1903746
110875
92707
112210
1295669
107225
102174
2032355
87335
96090
1396186
1699514
1641068
1370834
112333
41402
1821275
93084
105107
115025
1408480
1795064
281201
1797380
2281795
1606048
92143
114687
6260993979
7734284628
3439168
2795248
4920199528
1205120433
2819208
5499931864
4465336
673772124
3940432
4307209312
2072521651
9162137029
6909375418
1564212730
5758821095
1490
1490
1490
1490
1490
1490
1490
1491
1490
1489
1490
1528
1491
1490
4137912
4149356136
3180528
97070
99354
4530
5935990636
426
1221
101
101
101
1857
60464
29510
10515
119
3029
14256
4100
28577
25528
24759
927346
60318
48812
233031
274371
871021
34146
400
19959
2077
34421
197764
2263
96651844
105417655
279
86946760
867
27461185
40446982
357
59766980
5290
918
40354980
866
357
3723
1189
1886
1167
10291
